VARIABLES = "x"	,"y"	,"u"	,"v"	,"p"
0.000000	 0.000000	 0.000000	 0.000000	 -0.056337
0.000000	 0.050000	 0.000000	 0.000000	 -0.056337
0.000000	 0.100000	 0.000000	 0.000000	 -0.056007
0.000000	 0.150000	 0.000000	 0.000000	 -0.056305
0.000000	 0.200000	 0.000000	 0.000000	 -0.056969
0.000000	 0.250000	 0.000000	 0.000000	 -0.058175
0.000000	 0.300000	 0.000000	 0.000000	 -0.059876
0.000000	 0.350000	 0.000000	 0.000000	 -0.062109
0.000000	 0.400000	 0.000000	 0.000000	 -0.064880
0.000000	 0.450000	 0.000000	 0.000000	 -0.068213
0.000000	 0.500000	 0.000000	 0.000000	 -0.072133
0.000000	 0.550000	 0.000000	 0.000000	 -0.076671
0.000000	 0.600000	 0.000000	 0.000000	 -0.081864
0.000000	 0.650000	 0.000000	 0.000000	 -0.087757
0.000000	 0.700000	 0.000000	 0.000000	 -0.094398
0.000000	 0.750000	 0.000000	 0.000000	 -0.101846
0.000000	 0.800000	 0.000000	 0.000000	 -0.110167
0.000000	 0.850000	 0.000000	 0.000000	 -0.119437
0.000000	 0.900000	 0.000000	 0.000000	 -0.129741
0.000000	 0.950000	 0.000000	 0.000000	 -0.141180
0.000000	 1.000000	 0.000000	 0.000000	 -0.153870
0.000000	 1.050000	 0.000000	 0.000000	 -0.167945
0.000000	 1.100000	 0.000000	 0.000000	 -0.183565
0.000000	 1.150000	 0.000000	 0.000000	 -0.200917
0.000000	 1.200000	 0.000000	 0.000000	 -0.220226
0.000000	 1.250000	 0.000000	 0.000000	 -0.241776
0.000000	 1.300000	 0.000000	 0.000000	 -0.265903
0.000000	 1.350000	 0.000000	 0.000000	 -0.293087
0.000000	 1.400000	 0.000000	 0.000000	 -0.323854
0.000000	 1.450000	 0.000000	 0.000000	 -0.359251
0.000000	 1.500000	 0.000000	 0.000000	 -0.400057
0.000000	 1.550000	 0.000000	 0.000000	 -0.449461
0.000000	 1.600000	 0.000000	 0.000000	 -0.507704
0.000000	 1.650000	 0.000000	 0.000000	 -0.587580
0.000000	 1.700000	 0.000000	 0.000000	 -0.679038
0.000000	 1.750000	 0.000000	 0.000000	 -0.843261
0.000000	 1.800000	 0.000000	 0.000000	 -0.977902
0.000000	 1.850000	 0.000000	 0.000000	 -1.426315
0.000000	 1.900000	 0.000000	 0.000000	 -1.367318
0.000000	 1.950000	 0.000000	 0.000000	 -3.077324
0.000000	 2.000000	 1.000000	 0.000000	 0.000000
0.050000	 0.000000	 0.000000	 0.000000	 -0.056337
0.050000	 0.050000	 -0.000119	 0.000119	 -0.056337
0.050000	 0.100000	 -0.000222	 0.000337	 -0.056007
0.050000	 0.150000	 -0.000282	 0.000666	 -0.056305
0.050000	 0.200000	 -0.000315	 0.001036	 -0.056969
0.050000	 0.250000	 -0.000333	 0.001437	 -0.058175
0.050000	 0.300000	 -0.000347	 0.001855	 -0.059876
0.050000	 0.350000	 -0.000361	 0.002290	 -0.062109
0.050000	 0.400000	 -0.000377	 0.002743	 -0.064880
0.050000	 0.450000	 -0.000395	 0.003217	 -0.068213
0.050000	 0.500000	 -0.000417	 0.003717	 -0.072133
0.050000	 0.550000	 -0.000443	 0.004246	 -0.076671
0.050000	 0.600000	 -0.000473	 0.004809	 -0.081864
0.050000	 0.650000	 -0.000507	 0.005412	 -0.087757
0.050000	 0.700000	 -0.000547	 0.006060	 -0.094398
0.050000	 0.750000	 -0.000592	 0.006760	 -0.101846
0.050000	 0.800000	 -0.000644	 0.007520	 -0.110167
0.050000	 0.850000	 -0.000704	 0.008349	 -0.119437
0.050000	 0.900000	 -0.000774	 0.009256	 -0.129741
0.050000	 0.950000	 -0.000855	 0.010256	 -0.141180
0.050000	 1.000000	 -0.000949	 0.011363	 -0.153870
0.050000	 1.050000	 -0.001061	 0.012597	 -0.167945
0.050000	 1.100000	 -0.001195	 0.013980	 -0.183565
0.050000	 1.150000	 -0.001358	 0.015543	 -0.200917
0.050000	 1.200000	 -0.001558	 0.017326	 -0.220226
0.050000	 1.250000	 -0.001809	 0.019380	 -0.241776
0.050000	 1.300000	 -0.002133	 0.021778	 -0.265903
0.050000	 1.350000	 -0.002562	 0.024616	 -0.293087
0.050000	 1.400000	 -0.003153	 0.028048	 -0.323854
0.050000	 1.450000	 -0.003992	 0.032267	 -0.359251
0.050000	 1.500000	 -0.005222	 0.037634	 -0.400057
0.050000	 1.550000	 -0.007038	 0.044503	 -0.449461
0.050000	 1.600000	 -0.009683	 0.053776	 -0.507704
0.050000	 1.650000	 -0.013275	 0.065515	 -0.587580
0.050000	 1.700000	 -0.017536	 0.082001	 -0.679038
0.050000	 1.750000	 -0.020846	 0.098480	 -0.843261
0.050000	 1.800000	 -0.018368	 0.123256	 -0.977902
0.050000	 1.850000	 0.001661	 0.118085	 -1.426315
0.050000	 1.900000	 0.076937	 0.140921	 -1.367318
0.050000	 1.950000	 0.284245	 -0.067735	 -3.077324
0.050000	 2.000000	 1.000000	 0.000000	 0.000000
0.100000	 0.000000	 0.000000	 0.000000	 -0.056670
0.100000	 0.050000	 -0.000338	 0.000220	 -0.056670
0.100000	 0.100000	 -0.000587	 0.000583	 -0.056347
0.100000	 0.150000	 -0.000732	 0.001100	 -0.056737
0.100000	 0.200000	 -0.000813	 0.001675	 -0.057462
0.100000	 0.250000	 -0.000861	 0.002298	 -0.058720
0.100000	 0.300000	 -0.000898	 0.002949	 -0.060459
0.100000	 0.350000	 -0.000935	 0.003628	 -0.062727
0.100000	 0.400000	 -0.000977	 0.004336	 -0.065532
0.100000	 0.450000	 -0.001026	 0.005078	 -0.068902
0.100000	 0.500000	 -0.001084	 0.005860	 -0.072863
0.100000	 0.550000	 -0.001151	 0.006689	 -0.077449
0.100000	 0.600000	 -0.001228	 0.007571	 -0.082696
0.100000	 0.650000	 -0.001318	 0.008515	 -0.088651
0.100000	 0.700000	 -0.001421	 0.009529	 -0.095364
0.100000	 0.750000	 -0.001539	 0.010626	 -0.102895
0.100000	 0.800000	 -0.001674	 0.011815	 -0.111311
0.100000	 0.850000	 -0.001830	 0.013112	 -0.120691
0.100000	 0.900000	 -0.002010	 0.014533	 -0.131124
0.100000	 0.950000	 -0.002220	 0.016097	 -0.142715
0.100000	 1.000000	 -0.002467	 0.017827	 -0.155584
0.100000	 1.050000	 -0.002758	 0.019754	 -0.169874
0.100000	 1.100000	 -0.003106	 0.021913	 -0.185753
0.100000	 1.150000	 -0.003527	 0.024351	 -0.203424
0.100000	 1.200000	 -0.004045	 0.027127	 -0.223130
0.100000	 1.250000	 -0.004694	 0.030318	 -0.245180
0.100000	 1.300000	 -0.005524	 0.034029	 -0.269943
0.100000	 1.350000	 -0.006612	 0.038398	 -0.297948
0.100000	 1.400000	 -0.008077	 0.043626	 -0.329757
0.100000	 1.450000	 -0.010097	 0.049956	 -0.366465
0.100000	 1.500000	 -0.012934	 0.057795	 -0.408734
0.100000	 1.550000	 -0.016907	 0.067457	 -0.459535
0.100000	 1.600000	 -0.022295	 0.079731	 -0.517922
0.100000	 1.650000	 -0.028986	 0.094070	 -0.594857
0.100000	 1.700000	 -0.035692	 0.111907	 -0.674501
0.100000	 1.750000	 -0.038680	 0.125931	 -0.809205
0.100000	 1.800000	 -0.028203	 0.142160	 -0.881214
0.100000	 1.850000	 0.012572	 0.119098	 -1.183750
0.100000	 1.900000	 0.132139	 0.112419	 -0.969977
0.100000	 1.950000	 0.378028	 -0.070078	 -1.944472
0.100000	 2.000000	 1.000000	 0.000000	 0.000000
0.150000	 0.000000	 0.000000	 0.000000	 -0.056362
0.150000	 0.050000	 -0.000664	 0.000275	 -0.056362
0.150000	 0.100000	 -0.001102	 0.000714	 -0.055962
0.150000	 0.150000	 -0.001355	 0.001328	 -0.056352
0.150000	 0.200000	 -0.001500	 0.002008	 -0.057068
0.150000	 0.250000	 -0.001589	 0.002742	 -0.058325
0.150000	 0.300000	 -0.001659	 0.003507	 -0.060057
0.150000	 0.350000	 -0.001728	 0.004306	 -0.062316
0.150000	 0.400000	 -0.001807	 0.005140	 -0.065107
0.150000	 0.450000	 -0.001898	 0.006014	 -0.068459
0.150000	 0.500000	 -0.002005	 0.006934	 -0.072397
0.150000	 0.550000	 -0.002130	 0.007909	 -0.076955
0.150000	 0.600000	 -0.002273	 0.008947	 -0.082170
0.150000	 0.650000	 -0.002439	 0.010057	 -0.088088
0.150000	 0.700000	 -0.002628	 0.011249	 -0.094758
0.150000	 0.750000	 -0.002846	 0.012537	 -0.102239
0.150000	 0.800000	 -0.003096	 0.013932	 -0.110599
0.150000	 0.850000	 -0.003383	 0.015451	 -0.119913
0.150000	 0.900000	 -0.003716	 0.017113	 -0.130270
0.150000	 0.950000	 -0.004102	 0.018940	 -0.141774
0.150000	 1.000000	 -0.004554	 0.020957	 -0.154541
0.150000	 1.050000	 -0.005088	 0.023196	 -0.168710
0.150000	 1.100000	 -0.005724	 0.025697	 -0.184444
0.150000	 1.150000	 -0.006493	 0.028509	 -0.201938
0.150000	 1.200000	 -0.007434	 0.031693	 -0.221422
0.150000	 1.250000	 -0.008604	 0.035327	 -0.243189
0.150000	 1.300000	 -0.010086	 0.039514	 -0.267575
0.150000	 1.350000	 -0.012001	 0.044381	 -0.295064
0.150000	 1.400000	 -0.014524	 0.050107	 -0.326135
0.150000	 1.450000	 -0.017905	 0.056882	 -0.361747
0.150000	 1.500000	 -0.022459	 0.065011	 -0.402344
0.150000	 1.550000	 -0.028507	 0.074617	 -0.450483
0.150000	 1.600000	 -0.036092	 0.086145	 -0.504707
0.150000	 1.650000	 -0.044445	 0.098547	 -0.574571
0.150000	 1.700000	 -0.050546	 0.112394	 -0.644018
0.150000	 1.750000	 -0.047924	 0.119988	 -0.758893
0.150000	 1.800000	 -0.021839	 0.125843	 -0.811651
0.150000	 1.850000	 0.047587	 0.094417	 -1.051374
0.150000	 1.900000	 0.207547	 0.075875	 -0.850161
0.150000	 1.950000	 0.483039	 -0.071906	 -1.580625
0.150000	 2.000000	 1.000000	 0.000000	 0.000000
0.200000	 0.000000	 0.000000	 0.000000	 -0.055690
0.200000	 0.050000	 -0.001021	 0.000298	 -0.055690
0.200000	 0.100000	 -0.001660	 0.000770	 -0.055252
0.200000	 0.150000	 -0.002027	 0.001425	 -0.055647
0.200000	 0.200000	 -0.002236	 0.002147	 -0.056359
0.200000	 0.250000	 -0.002367	 0.002924	 -0.057612
0.200000	 0.300000	 -0.002472	 0.003734	 -0.059332
0.200000	 0.350000	 -0.002576	 0.004579	 -0.061571
0.200000	 0.400000	 -0.002693	 0.005461	 -0.064335
0.200000	 0.450000	 -0.002830	 0.006384	 -0.067653
0.200000	 0.500000	 -0.002989	 0.007357	 -0.071549
0.200000	 0.550000	 -0.003174	 0.008387	 -0.076057
0.200000	 0.600000	 -0.003388	 0.009482	 -0.081213
0.200000	 0.650000	 -0.003633	 0.010652	 -0.087063
0.200000	 0.700000	 -0.003914	 0.011908	 -0.093655
0.200000	 0.750000	 -0.004236	 0.013262	 -0.101046
0.200000	 0.800000	 -0.004605	 0.014727	 -0.109303
0.200000	 0.850000	 -0.005029	 0.016319	 -0.118499
0.200000	 0.900000	 -0.005518	 0.018056	 -0.128721
0.200000	 0.950000	 -0.006084	 0.019958	 -0.140068
0.200000	 1.000000	 -0.006746	 0.022052	 -0.152652
0.200000	 1.050000	 -0.007524	 0.024366	 -0.166607
0.200000	 1.100000	 -0.008448	 0.026937	 -0.182086
0.200000	 1.150000	 -0.009556	 0.029806	 -0.199272
0.200000	 1.200000	 -0.010902	 0.033027	 -0.218379
0.200000	 1.250000	 -0.012560	 0.036663	 -0.239670
0.200000	 1.300000	 -0.014633	 0.040794	 -0.263443
0.200000	 1.350000	 -0.017266	 0.045508	 -0.290113
0.200000	 1.400000	 -0.020660	 0.050921	 -0.320055
0.200000	 1.450000	 -0.025080	 0.057126	 -0.354041
0.200000	 1.500000	 -0.030820	 0.064269	 -0.392243
0.200000	 1.550000	 -0.038088	 0.072242	 -0.436646
0.200000	 1.600000	 -0.046591	 0.081135	 -0.485213
0.200000	 1.650000	 -0.054857	 0.089571	 -0.545576
0.200000	 1.700000	 -0.058465	 0.097595	 -0.601628
0.200000	 1.750000	 -0.048975	 0.098190	 -0.691453
0.200000	 1.800000	 -0.009271	 0.095542	 -0.719231
0.200000	 1.850000	 0.081040	 0.061802	 -0.892485
0.200000	 1.900000	 0.262430	 0.041933	 -0.695842
0.200000	 1.950000	 0.545589	 -0.070550	 -1.242231
0.200000	 2.000000	 1.000000	 0.000000	 0.000000
0.250000	 0.000000	 0.000000	 0.000000	 -0.054483
0.250000	 0.050000	 -0.001395	 0.000302	 -0.054483
0.250000	 0.100000	 -0.002242	 0.000779	 -0.054023
0.250000	 0.150000	 -0.002724	 0.001442	 -0.054407
0.250000	 0.200000	 -0.002999	 0.002171	 -0.055099
0.250000	 0.250000	 -0.003173	 0.002953	 -0.056329
0.250000	 0.300000	 -0.003312	 0.003769	 -0.058015
0.250000	 0.350000	 -0.003452	 0.004618	 -0.060211
0.250000	 0.400000	 -0.003609	 0.005504	 -0.062920
0.250000	 0.450000	 -0.003791	 0.006431	 -0.066170
0.250000	 0.500000	 -0.004004	 0.007407	 -0.069986
0.250000	 0.550000	 -0.004251	 0.008440	 -0.074400
0.250000	 0.600000	 -0.004535	 0.009536	 -0.079447
0.250000	 0.650000	 -0.004860	 0.010706	 -0.085170
0.250000	 0.700000	 -0.005233	 0.011960	 -0.091616
0.250000	 0.750000	 -0.005659	 0.013308	 -0.098841
0.250000	 0.800000	 -0.006147	 0.014764	 -0.106906
0.250000	 0.850000	 -0.006706	 0.016341	 -0.115883
0.250000	 0.900000	 -0.007348	 0.018055	 -0.125852
0.250000	 0.950000	 -0.008090	 0.019925	 -0.136906
0.250000	 1.000000	 -0.008953	 0.021972	 -0.149149
0.250000	 1.050000	 -0.009962	 0.024220	 -0.162704
0.250000	 1.100000	 -0.011152	 0.026696	 -0.177708
0.250000	 1.150000	 -0.012569	 0.029434	 -0.194323
0.250000	 1.200000	 -0.014274	 0.032471	 -0.212735
0.250000	 1.250000	 -0.016350	 0.035849	 -0.233166
0.250000	 1.300000	 -0.018907	 0.039613	 -0.255855
0.250000	 1.350000	 -0.022097	 0.043807	 -0.281134
0.250000	 1.400000	 -0.026114	 0.048479	 -0.309263
0.250000	 1.450000	 -0.031198	 0.053625	 -0.340822
0.250000	 1.500000	 -0.037564	 0.059252	 -0.375780
0.250000	 1.550000	 -0.045246	 0.065090	 -0.415657
0.250000	 1.600000	 -0.053583	 0.071001	 -0.458235
0.250000	 1.650000	 -0.060449	 0.075545	 -0.509744
0.250000	 1.700000	 -0.060364	 0.078615	 -0.555379
0.250000	 1.750000	 -0.043563	 0.074331	 -0.627191
0.250000	 1.800000	 0.007966	 0.066953	 -0.642685
0.250000	 1.850000	 0.114034	 0.034919	 -0.776068
0.250000	 1.900000	 0.307597	 0.018103	 -0.599962
0.250000	 1.950000	 0.591166	 -0.068817	 -1.040498
0.250000	 2.000000	 1.000000	 0.000000	 0.000000
0.300000	 0.000000	 0.000000	 0.000000	 -0.052811
0.300000	 0.050000	 -0.001764	 0.000296	 -0.052811
0.300000	 0.100000	 -0.002818	 0.000765	 -0.052351
0.300000	 0.150000	 -0.003414	 0.001416	 -0.052723
0.300000	 0.200000	 -0.003751	 0.002131	 -0.053395
0.300000	 0.250000	 -0.003966	 0.002898	 -0.054592
0.300000	 0.300000	 -0.004139	 0.003697	 -0.056232
0.300000	 0.350000	 -0.004313	 0.004528	 -0.058368
0.300000	 0.400000	 -0.004508	 0.005394	 -0.061002
0.300000	 0.450000	 -0.004735	 0.006300	 -0.064161
0.300000	 0.500000	 -0.005000	 0.007252	 -0.067867
0.300000	 0.550000	 -0.005305	 0.008258	 -0.072153
0.300000	 0.600000	 -0.005657	 0.009325	 -0.077052
0.300000	 0.650000	 -0.006059	 0.010462	 -0.082604
0.300000	 0.700000	 -0.006519	 0.011676	 -0.088855
0.300000	 0.750000	 -0.007043	 0.012980	 -0.095855
0.300000	 0.800000	 -0.007641	 0.014382	 -0.103664
0.300000	 0.850000	 -0.008324	 0.015896	 -0.112347
0.300000	 0.900000	 -0.009106	 0.017534	 -0.121979
0.300000	 0.950000	 -0.010005	 0.019310	 -0.132644
0.300000	 1.000000	 -0.011045	 0.021241	 -0.144438
0.300000	 1.050000	 -0.012254	 0.023345	 -0.157467
0.300000	 1.100000	 -0.013668	 0.025640	 -0.171852
0.300000	 1.150000	 -0.015338	 0.028146	 -0.187732
0.300000	 1.200000	 -0.017324	 0.030884	 -0.205259
0.300000	 1.250000	 -0.019710	 0.033872	 -0.224611
0.300000	 1.300000	 -0.022603	 0.037126	 -0.245971
0.300000	 1.350000	 -0.026143	 0.040645	 -0.269579
0.300000	 1.400000	 -0.030499	 0.044417	 -0.295589
0.300000	 1.450000	 -0.035858	 0.048367	 -0.324402
0.300000	 1.500000	 -0.042336	 0.052401	 -0.355811
0.300000	 1.550000	 -0.049788	 0.056164	 -0.390919
0.300000	 1.600000	 -0.057243	 0.059407	 -0.427435
0.300000	 1.650000	 -0.062090	 0.060794	 -0.470355
0.300000	 1.700000	 -0.058200	 0.060264	 -0.506347
0.300000	 1.750000	 -0.035097	 0.053110	 -0.562366
0.300000	 1.800000	 0.025217	 0.043698	 -0.567982
0.300000	 1.850000	 0.141594	 0.015187	 -0.670972
0.300000	 1.900000	 0.340919	 0.002652	 -0.513853
0.300000	 1.950000	 0.621309	 -0.065328	 -0.881538
0.300000	 2.000000	 1.000000	 0.000000	 0.000000
0.350000	 0.000000	 0.000000	 0.000000	 -0.050663
0.350000	 0.050000	 -0.002122	 0.000284	 -0.050663
0.350000	 0.100000	 -0.003378	 0.000737	 -0.050213
0.350000	 0.150000	 -0.004085	 0.001366	 -0.050571
0.350000	 0.200000	 -0.004483	 0.002055	 -0.051216
0.350000	 0.250000	 -0.004737	 0.002795	 -0.052369
0.350000	 0.300000	 -0.004942	 0.003563	 -0.053950
0.350000	 0.350000	 -0.005149	 0.004363	 -0.056007
0.350000	 0.400000	 -0.005380	 0.005196	 -0.058543
0.350000	 0.450000	 -0.005649	 0.006066	 -0.061584
0.350000	 0.500000	 -0.005962	 0.006979	 -0.065151
0.350000	 0.550000	 -0.006323	 0.007942	 -0.069273
0.350000	 0.600000	 -0.006738	 0.008962	 -0.073983
0.350000	 0.650000	 -0.007211	 0.010046	 -0.079317
0.350000	 0.700000	 -0.007751	 0.011201	 -0.085319
0.350000	 0.750000	 -0.008365	 0.012437	 -0.092034
0.350000	 0.800000	 -0.009062	 0.013761	 -0.099519
0.350000	 0.850000	 -0.009856	 0.015184	 -0.107831
0.350000	 0.900000	 -0.010762	 0.016715	 -0.117039
0.350000	 0.950000	 -0.011797	 0.018365	 -0.127218
0.350000	 1.000000	 -0.012986	 0.020145	 -0.138449
0.350000	 1.050000	 -0.014359	 0.022064	 -0.150827
0.350000	 1.100000	 -0.015951	 0.024133	 -0.164452
0.350000	 1.150000	 -0.017811	 0.026360	 -0.179436
0.350000	 1.200000	 -0.019998	 0.028750	 -0.195899
0.350000	 1.250000	 -0.022589	 0.031301	 -0.213975
0.350000	 1.300000	 -0.025677	 0.034002	 -0.233789
0.350000	 1.350000	 -0.029382	 0.036819	 -0.255504
0.350000	 1.400000	 -0.033837	 0.039699	 -0.279184
0.350000	 1.450000	 -0.039166	 0.042521	 -0.305081
0.350000	 1.500000	 -0.045386	 0.045139	 -0.332883
0.350000	 1.550000	 -0.052191	 0.047176	 -0.363381
0.350000	 1.600000	 -0.058373	 0.048362	 -0.394369
0.350000	 1.650000	 -0.060986	 0.047546	 -0.429918
0.350000	 1.700000	 -0.053539	 0.044789	 -0.458311
0.350000	 1.750000	 -0.025234	 0.036393	 -0.502440
0.350000	 1.800000	 0.041517	 0.026673	 -0.502316
0.350000	 1.850000	 0.164577	 0.002158	 -0.584407
0.350000	 1.900000	 0.366274	 -0.006488	 -0.445707
0.350000	 1.950000	 0.642383	 -0.060779	 -0.760314
0.350000	 2.000000	 1.000000	 0.000000	 0.000000
0.400000	 0.000000	 0.000000	 0.000000	 -0.048070
0.400000	 0.050000	 -0.002464	 0.000270	 -0.048070
0.400000	 0.100000	 -0.003915	 0.000701	 -0.047640
0.400000	 0.150000	 -0.004726	 0.001300	 -0.047982
0.400000	 0.200000	 -0.005183	 0.001956	 -0.048597
0.400000	 0.250000	 -0.005474	 0.002660	 -0.049697
0.400000	 0.300000	 -0.005709	 0.003391	 -0.051205
0.400000	 0.350000	 -0.005946	 0.004152	 -0.053168
0.400000	 0.400000	 -0.006211	 0.004942	 -0.055587
0.400000	 0.450000	 -0.006519	 0.005766	 -0.058486
0.400000	 0.500000	 -0.006877	 0.006631	 -0.061886
0.400000	 0.550000	 -0.007289	 0.007541	 -0.065813
0.400000	 0.600000	 -0.007761	 0.008502	 -0.070297
0.400000	 0.650000	 -0.008299	 0.009522	 -0.075372
0.400000	 0.700000	 -0.008911	 0.010605	 -0.081077
0.400000	 0.750000	 -0.009604	 0.011760	 -0.087456
0.400000	 0.800000	 -0.010389	 0.012992	 -0.094557
0.400000	 0.850000	 -0.011279	 0.014309	 -0.102434
0.400000	 0.900000	 -0.012288	 0.015718	 -0.111145
0.400000	 0.950000	 -0.013436	 0.017224	 -0.120756
0.400000	 1.000000	 -0.014745	 0.018834	 -0.131338
0.400000	 1.050000	 -0.016243	 0.020551	 -0.142967
0.400000	 1.100000	 -0.017966	 0.022378	 -0.155726
0.400000	 1.150000	 -0.019956	 0.024312	 -0.169701
0.400000	 1.200000	 -0.022267	 0.026345	 -0.184981
0.400000	 1.250000	 -0.024964	 0.028460	 -0.201659
0.400000	 1.300000	 -0.028125	 0.030626	 -0.219812
0.400000	 1.350000	 -0.031842	 0.032789	 -0.239534
0.400000	 1.400000	 -0.036210	 0.034869	 -0.260817
0.400000	 1.450000	 -0.041293	 0.036725	 -0.283800
0.400000	 1.500000	 -0.047021	 0.038193	 -0.308102
0.400000	 1.550000	 -0.052965	 0.038916	 -0.334276
0.400000	 1.600000	 -0.057752	 0.038653	 -0.360269
0.400000	 1.650000	 -0.058231	 0.036457	 -0.389419
0.400000	 1.700000	 -0.047745	 0.032514	 -0.411540
0.400000	 1.750000	 -0.015406	 0.023932	 -0.446212
0.400000	 1.800000	 0.055849	 0.014826	 -0.442307
0.400000	 1.850000	 0.183040	 -0.005838	 -0.508826
0.400000	 1.900000	 0.385282	 -0.011379	 -0.386778
0.400000	 1.950000	 0.657138	 -0.055485	 -0.659320
0.400000	 2.000000	 1.000000	 0.000000	 0.000000
0.450000	 0.000000	 0.000000	 0.000000	 -0.045051
0.450000	 0.050000	 -0.002789	 0.000254	 -0.045051
0.450000	 0.100000	 -0.004422	 0.000660	 -0.044645
0.450000	 0.150000	 -0.005334	 0.001224	 -0.044968
0.450000	 0.200000	 -0.005846	 0.001841	 -0.045549
0.450000	 0.250000	 -0.006171	 0.002504	 -0.046588
0.450000	 0.300000	 -0.006434	 0.003191	 -0.048012
0.450000	 0.350000	 -0.006699	 0.003905	 -0.049866
0.450000	 0.400000	 -0.006995	 0.004646	 -0.052148
0.450000	 0.450000	 -0.007339	 0.005419	 -0.054884
0.450000	 0.500000	 -0.007737	 0.006228	 -0.058090
0.450000	 0.550000	 -0.008195	 0.007078	 -0.061791
0.450000	 0.600000	 -0.008719	 0.007974	 -0.066015
0.450000	 0.650000	 -0.009315	 0.008921	 -0.070792
0.450000	 0.700000	 -0.009990	 0.009924	 -0.076159
0.450000	 0.750000	 -0.010752	 0.010989	 -0.082152
0.450000	 0.800000	 -0.011612	 0.012121	 -0.088817
0.450000	 0.850000	 -0.012582	 0.013323	 -0.096198
0.450000	 0.900000	 -0.013676	 0.014601	 -0.104348
0.450000	 0.950000	 -0.014913	 0.015955	 -0.113322
0.450000	 1.000000	 -0.016314	 0.017389	 -0.123178
0.450000	 1.050000	 -0.017903	 0.018900	 -0.133978
0.450000	 1.100000	 -0.019712	 0.020485	 -0.145785
0.450000	 1.150000	 -0.021779	 0.022131	 -0.158665
0.450000	 1.200000	 -0.024147	 0.023823	 -0.172677
0.450000	 1.250000	 -0.026870	 0.025532	 -0.187880
0.450000	 1.300000	 -0.030007	 0.027215	 -0.204309
0.450000	 1.350000	 -0.033625	 0.028806	 -0.222007
0.450000	 1.400000	 -0.037779	 0.030215	 -0.240913
0.450000	 1.450000	 -0.042484	 0.031298	 -0.261084
0.450000	 1.500000	 -0.047601	 0.031896	 -0.282111
0.450000	 1.550000	 -0.052609	 0.031694	 -0.304382
0.450000	 1.600000	 -0.056034	 0.030500	 -0.326035
0.450000	 1.650000	 -0.054607	 0.027560	 -0.349850
0.450000	 1.700000	 -0.041623	 0.023153	 -0.367047
0.450000	 1.750000	 -0.006218	 0.015003	 -0.394454
0.450000	 1.800000	 0.068160	 0.006920	 -0.388436
0.450000	 1.850000	 0.197866	 -0.010313	 -0.443211
0.450000	 1.900000	 0.399766	 -0.013578	 -0.336219
0.450000	 1.950000	 0.667826	 -0.049914	 -0.573347
0.450000	 2.000000	 1.000000	 0.000000	 0.000000
0.500000	 0.000000	 0.000000	 0.000000	 -0.041633
0.500000	 0.050000	 -0.003092	 0.000237	 -0.041633
0.500000	 0.100000	 -0.004898	 0.000614	 -0.041255
0.500000	 0.150000	 -0.005903	 0.001139	 -0.041557
0.500000	 0.200000	 -0.006466	 0.001713	 -0.042100
0.500000	 0.250000	 -0.006823	 0.002329	 -0.043070
0.500000	 0.300000	 -0.007111	 0.002968	 -0.044399
0.500000	 0.350000	 -0.007401	 0.003630	 -0.046129
0.500000	 0.400000	 -0.007726	 0.004318	 -0.048259
0.500000	 0.450000	 -0.008101	 0.005033	 -0.050810
0.500000	 0.500000	 -0.008536	 0.005781	 -0.053799
0.500000	 0.550000	 -0.009035	 0.006565	 -0.057248
0.500000	 0.600000	 -0.009605	 0.007390	 -0.061181
0.500000	 0.650000	 -0.010251	 0.008259	 -0.065626
0.500000	 0.700000	 -0.010980	 0.009177	 -0.070615
0.500000	 0.750000	 -0.011801	 0.010147	 -0.076181
0.500000	 0.800000	 -0.012724	 0.011173	 -0.082362
0.500000	 0.850000	 -0.013759	 0.012257	 -0.089199
0.500000	 0.900000	 -0.014921	 0.013400	 -0.096734
0.500000	 0.950000	 -0.016225	 0.014601	 -0.105013
0.500000	 1.000000	 -0.017691	 0.015860	 -0.114084
0.500000	 1.050000	 -0.019340	 0.017170	 -0.123994
0.500000	 1.100000	 -0.021198	 0.018522	 -0.134791
0.500000	 1.150000	 -0.023296	 0.019899	 -0.146519
0.500000	 1.200000	 -0.025669	 0.021279	 -0.159214
0.500000	 1.250000	 -0.028357	 0.022626	 -0.172909
0.500000	 1.300000	 -0.031401	 0.023893	 -0.187604
0.500000	 1.350000	 -0.034843	 0.025007	 -0.203305
0.500000	 1.400000	 -0.038708	 0.025881	 -0.219916
0.500000	 1.450000	 -0.042970	 0.026378	 -0.237435
0.500000	 1.500000	 -0.047438	 0.026356	 -0.255456
0.500000	 1.550000	 -0.051532	 0.025551	 -0.274247
0.500000	 1.600000	 -0.053719	 0.023824	 -0.292155
0.500000	 1.650000	 -0.050671	 0.020584	 -0.311516
0.500000	 1.700000	 -0.035701	 0.016167	 -0.324809
0.500000	 1.750000	 0.001985	 0.008766	 -0.346522
0.500000	 1.800000	 0.078496	 0.001822	 -0.339420
0.500000	 1.850000	 0.209689	 -0.012460	 -0.384926
0.500000	 1.900000	 0.410869	 -0.014133	 -0.291561
0.500000	 1.950000	 0.675723	 -0.044337	 -0.497724
0.500000	 2.000000	 1.000000	 0.000000	 0.000000
0.550000	 0.000000	 0.000000	 0.000000	 -0.037842
0.550000	 0.050000	 -0.003372	 0.000217	 -0.037842
0.550000	 0.100000	 -0.005337	 0.000564	 -0.037496
0.550000	 0.150000	 -0.006429	 0.001046	 -0.037774
0.550000	 0.200000	 -0.007038	 0.001573	 -0.038275
0.550000	 0.250000	 -0.007425	 0.002138	 -0.039169
0.550000	 0.300000	 -0.007736	 0.002724	 -0.040394
0.550000	 0.350000	 -0.008049	 0.003331	 -0.041988
0.550000	 0.400000	 -0.008399	 0.003960	 -0.043949
0.550000	 0.450000	 -0.008803	 0.004615	 -0.046298
0.550000	 0.500000	 -0.009269	 0.005297	 -0.049047
0.550000	 0.550000	 -0.009804	 0.006011	 -0.052219
0.550000	 0.600000	 -0.010413	 0.006760	 -0.055833
0.550000	 0.650000	 -0.011102	 0.007548	 -0.059916
0.550000	 0.700000	 -0.011878	 0.008376	 -0.064493
0.550000	 0.750000	 -0.012748	 0.009249	 -0.069595
0.550000	 0.800000	 -0.013722	 0.010166	 -0.075254
0.550000	 0.850000	 -0.014809	 0.011130	 -0.081503
0.550000	 0.900000	 -0.016022	 0.012138	 -0.088379
0.550000	 0.950000	 -0.017374	 0.013190	 -0.095918
0.550000	 1.000000	 -0.018883	 0.014280	 -0.104157
0.550000	 1.050000	 -0.020565	 0.015399	 -0.113133
0.550000	 1.100000	 -0.022442	 0.016534	 -0.122878
0.550000	 1.150000	 -0.024537	 0.017667	 -0.133420
0.550000	 1.200000	 -0.026875	 0.018771	 -0.144778
0.550000	 1.250000	 -0.029484	 0.019807	 -0.156960
0.550000	 1.300000	 -0.032390	 0.020727	 -0.169946
0.550000	 1.350000	 -0.035613	 0.021462	 -0.183713
0.550000	 1.400000	 -0.039154	 0.021928	 -0.198148
0.550000	 1.450000	 -0.042955	 0.022005	 -0.213211
0.550000	 1.500000	 -0.046791	 0.021573	 -0.228515
0.550000	 1.550000	 -0.050046	 0.020417	 -0.244247
0.550000	 1.600000	 -0.051153	 0.018444	 -0.258969
0.550000	 1.650000	 -0.046768	 0.015200	 -0.274649
0.550000	 1.700000	 -0.030245	 0.011039	 -0.284889
0.550000	 1.750000	 0.009120	 0.004516	 -0.302135
0.550000	 1.800000	 0.087081	 -0.001324	 -0.294686
0.550000	 1.850000	 0.219131	 -0.013106	 -0.332646
0.550000	 1.900000	 0.419471	 -0.013716	 -0.251681
0.550000	 1.950000	 0.681690	 -0.038925	 -0.430081
0.550000	 2.000000	 1.000000	 0.000000	 0.000000
0.600000	 0.000000	 0.000000	 0.000000	 -0.033709
0.600000	 0.050000	 -0.003628	 0.000197	 -0.033709
0.600000	 0.100000	 -0.005738	 0.000510	 -0.033396
0.600000	 0.150000	 -0.006908	 0.000946	 -0.033649
0.600000	 0.200000	 -0.007560	 0.001423	 -0.034104
0.600000	 0.250000	 -0.007973	 0.001934	 -0.034916
0.600000	 0.300000	 -0.008305	 0.002463	 -0.036028
0.600000	 0.350000	 -0.008638	 0.003011	 -0.037474
0.600000	 0.400000	 -0.009009	 0.003579	 -0.039253
0.600000	 0.450000	 -0.009438	 0.004168	 -0.041382
0.600000	 0.500000	 -0.009933	 0.004781	 -0.043874
0.600000	 0.550000	 -0.010499	 0.005422	 -0.046747
0.600000	 0.600000	 -0.011142	 0.006092	 -0.050019
0.600000	 0.650000	 -0.011867	 0.006795	 -0.053711
0.600000	 0.700000	 -0.012681	 0.007532	 -0.057848
0.600000	 0.750000	 -0.013591	 0.008305	 -0.062455
0.600000	 0.800000	 -0.014605	 0.009113	 -0.067557
0.600000	 0.850000	 -0.015732	 0.009957	 -0.073184
0.600000	 0.900000	 -0.016982	 0.010835	 -0.079365
0.600000	 0.950000	 -0.018367	 0.011742	 -0.086129
0.600000	 1.000000	 -0.019900	 0.012671	 -0.093503
0.600000	 1.050000	 -0.021595	 0.013613	 -0.101514
0.600000	 1.100000	 -0.023467	 0.014552	 -0.110183
0.600000	 1.150000	 -0.025534	 0.015468	 -0.119525
0.600000	 1.200000	 -0.027811	 0.016334	 -0.129544
0.600000	 1.250000	 -0.030314	 0.017112	 -0.140233
0.600000	 1.300000	 -0.033057	 0.017755	 -0.151558
0.600000	 1.350000	 -0.036044	 0.018199	 -0.163478
0.600000	 1.400000	 -0.039255	 0.018370	 -0.175872
0.600000	 1.450000	 -0.042610	 0.018166	 -0.188679
0.600000	 1.500000	 -0.045864	 0.017488	 -0.201546
0.600000	 1.550000	 -0.048377	 0.016169	 -0.214604
0.600000	 1.600000	 -0.048574	 0.014153	 -0.226617
0.600000	 1.650000	 -0.043110	 0.011088	 -0.239247
0.600000	 1.700000	 -0.025390	 0.007328	 -0.247091
0.600000	 1.750000	 0.015203	 0.001706	 -0.260777
0.600000	 1.800000	 0.094142	 -0.003129	 -0.253467
0.600000	 1.850000	 0.226660	 -0.012800	 -0.285090
0.600000	 1.900000	 0.426172	 -0.012736	 -0.215498
0.600000	 1.950000	 0.686257	 -0.033753	 -0.368625
0.600000	 2.000000	 1.000000	 0.000000	 0.000000
0.650000	 0.000000	 0.000000	 0.000000	 -0.029265
0.650000	 0.050000	 -0.003858	 0.000175	 -0.029265
0.650000	 0.100000	 -0.006097	 0.000453	 -0.028988
0.650000	 0.150000	 -0.007338	 0.000841	 -0.029214
0.650000	 0.200000	 -0.008028	 0.001265	 -0.029621
0.650000	 0.250000	 -0.008464	 0.001718	 -0.030345
0.650000	 0.300000	 -0.008814	 0.002187	 -0.031335
0.650000	 0.350000	 -0.009164	 0.002673	 -0.032623
0.650000	 0.400000	 -0.009555	 0.003175	 -0.034208
0.650000	 0.450000	 -0.010005	 0.003696	 -0.036103
0.650000	 0.500000	 -0.010523	 0.004238	 -0.038320
0.650000	 0.550000	 -0.011116	 0.004803	 -0.040875
0.650000	 0.600000	 -0.011787	 0.005392	 -0.043784
0.650000	 0.650000	 -0.012543	 0.006009	 -0.047064
0.650000	 0.700000	 -0.013388	 0.006653	 -0.050735
0.650000	 0.750000	 -0.014330	 0.007325	 -0.054820
0.650000	 0.800000	 -0.015375	 0.008026	 -0.059339
0.650000	 0.850000	 -0.016531	 0.008753	 -0.064316
0.650000	 0.900000	 -0.017806	 0.009504	 -0.069774
0.650000	 0.950000	 -0.019211	 0.010273	 -0.075735
0.650000	 1.000000	 -0.020754	 0.011052	 -0.082221
0.650000	 1.050000	 -0.022447	 0.011832	 -0.089247
0.650000	 1.100000	 -0.024298	 0.012596	 -0.096828
0.650000	 1.150000	 -0.026320	 0.013324	 -0.104969
0.650000	 1.200000	 -0.028520	 0.013990	 -0.113663
0.650000	 1.250000	 -0.030906	 0.014559	 -0.122893
0.650000	 1.300000	 -0.033478	 0.014986	 -0.132618
0.650000	 1.350000	 -0.036229	 0.015218	 -0.142787
0.650000	 1.400000	 -0.039125	 0.015189	 -0.153280
0.650000	 1.450000	 -0.042071	 0.014816	 -0.164029
0.650000	 1.500000	 -0.044808	 0.014022	 -0.174718
0.650000	 1.550000	 -0.046687	 0.012677	 -0.185442
0.650000	 1.600000	 -0.046133	 0.010751	 -0.195155
0.650000	 1.650000	 -0.039811	 0.007977	 -0.205251
0.650000	 1.700000	 -0.021179	 0.004686	 -0.211218
0.650000	 1.750000	 0.020306	 -0.000066	 -0.222032
0.650000	 1.800000	 0.099901	 -0.004014	 -0.215191
0.650000	 1.850000	 0.232653	 -0.011893	 -0.241355
0.650000	 1.900000	 0.431407	 -0.011434	 -0.182275
0.650000	 1.950000	 0.689778	 -0.028843	 -0.312136
0.650000	 2.000000	 1.000000	 0.000000	 0.000000
0.700000	 0.000000	 0.000000	 0.000000	 -0.024546
0.700000	 0.050000	 -0.004059	 0.000152	 -0.024546
0.700000	 0.100000	 -0.006413	 0.000394	 -0.024306
0.700000	 0.150000	 -0.007715	 0.000730	 -0.024504
0.700000	 0.200000	 -0.008439	 0.001098	 -0.024858
0.700000	 0.250000	 -0.008895	 0.001491	 -0.025489
0.700000	 0.300000	 -0.009261	 0.001898	 -0.026352
0.700000	 0.350000	 -0.009626	 0.002319	 -0.027473
0.700000	 0.400000	 -0.010033	 0.002754	 -0.028852
0.700000	 0.450000	 -0.010501	 0.003204	 -0.030501
0.700000	 0.500000	 -0.011039	 0.003672	 -0.032430
0.700000	 0.550000	 -0.011653	 0.004159	 -0.034650
0.700000	 0.600000	 -0.012348	 0.004666	 -0.037177
0.700000	 0.650000	 -0.013128	 0.005194	 -0.040026
0.700000	 0.700000	 -0.013998	 0.005745	 -0.043211
0.700000	 0.750000	 -0.014964	 0.006318	 -0.046752
0.700000	 0.800000	 -0.016033	 0.006912	 -0.050666
0.700000	 0.850000	 -0.017210	 0.007526	 -0.054971
0.700000	 0.900000	 -0.018502	 0.008155	 -0.059685
0.700000	 0.950000	 -0.019916	 0.008794	 -0.064825
0.700000	 1.000000	 -0.021460	 0.009436	 -0.070405
0.700000	 1.050000	 -0.023139	 0.010069	 -0.076438
0.700000	 1.100000	 -0.024960	 0.010679	 -0.082928
0.700000	 1.150000	 -0.026928	 0.011247	 -0.089875
0.700000	 1.200000	 -0.029046	 0.011748	 -0.097267
0.700000	 1.250000	 -0.031311	 0.012151	 -0.105081
0.700000	 1.300000	 -0.033718	 0.012419	 -0.113272
0.700000	 1.350000	 -0.036247	 0.012504	 -0.121787
0.700000	 1.400000	 -0.038856	 0.012354	 -0.130515
0.700000	 1.450000	 -0.041441	 0.011900	 -0.139386
0.700000	 1.500000	 -0.043735	 0.011085	 -0.148127
0.700000	 1.550000	 -0.045086	 0.009810	 -0.156807
0.700000	 1.600000	 -0.043925	 0.008063	 -0.164559
0.700000	 1.650000	 -0.036932	 0.005643	 -0.172534
0.700000	 1.700000	 -0.017612	 0.002843	 -0.177020
0.700000	 1.750000	 0.024518	 -0.001093	 -0.185479
0.700000	 1.800000	 0.104547	 -0.004268	 -0.179328
0.700000	 1.850000	 0.237391	 -0.010610	 -0.200685
0.700000	 1.900000	 0.435482	 -0.009953	 -0.151406
0.700000	 1.950000	 0.692488	 -0.024183	 -0.259650
0.700000	 2.000000	 1.000000	 0.000000	 0.000000
0.750000	 0.000000	 0.000000	 0.000000	 -0.019587
0.750000	 0.050000	 -0.004232	 0.000128	 -0.019587
0.750000	 0.100000	 -0.006684	 0.000332	 -0.019385
0.750000	 0.150000	 -0.008039	 0.000615	 -0.019552
0.750000	 0.200000	 -0.008791	 0.000925	 -0.019852
0.750000	 0.250000	 -0.009264	 0.001256	 -0.020386
0.750000	 0.300000	 -0.009643	 0.001598	 -0.021115
0.750000	 0.350000	 -0.010020	 0.001952	 -0.022062
0.750000	 0.400000	 -0.010440	 0.002317	 -0.023227
0.750000	 0.450000	 -0.010923	 0.002695	 -0.024619
0.750000	 0.500000	 -0.011478	 0.003087	 -0.026246
0.750000	 0.550000	 -0.012109	 0.003494	 -0.028120
0.750000	 0.600000	 -0.012823	 0.003918	 -0.030251
0.750000	 0.650000	 -0.013622	 0.004358	 -0.032651
0.750000	 0.700000	 -0.014512	 0.004816	 -0.035334
0.750000	 0.750000	 -0.015497	 0.005290	 -0.038314
0.750000	 0.800000	 -0.016583	 0.005781	 -0.041604
0.750000	 0.850000	 -0.017773	 0.006284	 -0.045220
0.750000	 0.900000	 -0.019075	 0.006797	 -0.049175
0.750000	 0.950000	 -0.020492	 0.007315	 -0.053480
0.750000	 1.000000	 -0.022029	 0.007830	 -0.058147
0.750000	 1.050000	 -0.023690	 0.008331	 -0.063181
0.750000	 1.100000	 -0.025477	 0.008807	 -0.068584
0.750000	 1.150000	 -0.027389	 0.009239	 -0.074351
0.750000	 1.200000	 -0.029425	 0.009607	 -0.080468
0.750000	 1.250000	 -0.031577	 0.009884	 -0.086910
0.750000	 1.300000	 -0.033832	 0.010038	 -0.093633
0.750000	 1.350000	 -0.036164	 0.010031	 -0.100586
0.750000	 1.400000	 -0.038523	 0.009821	 -0.107673
0.750000	 1.450000	 -0.040800	 0.009354	 -0.114826
0.750000	 1.500000	 -0.042726	 0.008588	 -0.121818
0.750000	 1.550000	 -0.043648	 0.007450	 -0.128698
0.750000	 1.600000	 -0.042007	 0.005938	 -0.134764
0.750000	 1.650000	 -0.034497	 0.003902	 -0.140945
0.750000	 1.700000	 -0.014664	 0.001593	 -0.144257
0.750000	 1.750000	 0.027928	 -0.001584	 -0.150748
0.750000	 1.800000	 0.108237	 -0.004087	 -0.145435
0.750000	 1.850000	 0.241092	 -0.009091	 -0.162476
0.750000	 1.900000	 0.438619	 -0.008376	 -0.122415
0.750000	 1.950000	 0.694549	 -0.019751	 -0.210395
0.750000	 2.000000	 1.000000	 0.000000	 0.000000
0.800000	 0.000000	 0.000000	 0.000000	 -0.014425
0.800000	 0.050000	 -0.004375	 0.000103	 -0.014425
0.800000	 0.100000	 -0.006907	 0.000268	 -0.014263
0.800000	 0.150000	 -0.008306	 0.000497	 -0.014398
0.800000	 0.200000	 -0.009081	 0.000746	 -0.014642
0.800000	 0.250000	 -0.009568	 0.001013	 -0.015074
0.800000	 0.300000	 -0.009957	 0.001289	 -0.015665
0.800000	 0.350000	 -0.010345	 0.001575	 -0.016432
0.800000	 0.400000	 -0.010776	 0.001869	 -0.017374
0.800000	 0.450000	 -0.011271	 0.002173	 -0.018501
0.800000	 0.500000	 -0.011838	 0.002487	 -0.019818
0.800000	 0.550000	 -0.012484	 0.002814	 -0.021333
0.800000	 0.600000	 -0.013212	 0.003153	 -0.023055
0.800000	 0.650000	 -0.014026	 0.003505	 -0.024995
0.800000	 0.700000	 -0.014930	 0.003870	 -0.027162
0.800000	 0.750000	 -0.015929	 0.004248	 -0.029567
0.800000	 0.800000	 -0.017027	 0.004636	 -0.032221
0.800000	 0.850000	 -0.018227	 0.005033	 -0.035135
0.800000	 0.900000	 -0.019533	 0.005436	 -0.038319
0.800000	 0.950000	 -0.020949	 0.005840	 -0.041781
0.800000	 1.000000	 -0.022476	 0.006238	 -0.045528
0.800000	 1.050000	 -0.024116	 0.006622	 -0.049564
0.800000	 1.100000	 -0.025869	 0.006980	 -0.053887
0.800000	 1.150000	 -0.027729	 0.007298	 -0.058491
0.800000	 1.200000	 -0.029691	 0.007560	 -0.063361
0.800000	 1.250000	 -0.031743	 0.007742	 -0.068473
0.800000	 1.300000	 -0.033865	 0.007821	 -0.073790
0.800000	 1.350000	 -0.036030	 0.007765	 -0.079265
0.800000	 1.400000	 -0.038181	 0.007542	 -0.084817
0.800000	 1.450000	 -0.040207	 0.007113	 -0.090388
0.800000	 1.500000	 -0.041837	 0.006447	 -0.095797
0.800000	 1.550000	 -0.042422	 0.005490	 -0.101074
0.800000	 1.600000	 -0.040411	 0.004248	 -0.105673
0.800000	 1.650000	 -0.032511	 0.002610	 -0.110314
0.800000	 1.700000	 -0.012303	 0.000781	 -0.112683
0.800000	 1.750000	 0.030612	 -0.001695	 -0.117498
0.800000	 1.800000	 0.111097	 -0.003607	 -0.113120
0.800000	 1.850000	 0.243915	 -0.007426	 -0.126220
0.800000	 1.900000	 0.440978	 -0.006751	 -0.094905
0.800000	 1.950000	 0.696073	 -0.015512	 -0.163719
0.800000	 2.000000	 1.000000	 0.000000	 0.000000
0.850000	 0.000000	 0.000000	 0.000000	 -0.009099
0.850000	 0.050000	 -0.004487	 0.000078	 -0.009099
0.850000	 0.100000	 -0.007083	 0.000202	 -0.008977
0.850000	 0.150000	 -0.008515	 0.000375	 -0.009081
0.850000	 0.200000	 -0.009308	 0.000564	 -0.009266
0.850000	 0.250000	 -0.009807	 0.000765	 -0.009594
0.850000	 0.300000	 -0.010204	 0.000973	 -0.010042
0.850000	 0.350000	 -0.010599	 0.001188	 -0.010624
0.850000	 0.400000	 -0.011038	 0.001410	 -0.011339
0.850000	 0.450000	 -0.011542	 0.001639	 -0.012193
0.850000	 0.500000	 -0.012119	 0.001876	 -0.013191
0.850000	 0.550000	 -0.012775	 0.002121	 -0.014339
0.850000	 0.600000	 -0.013514	 0.002376	 -0.015644
0.850000	 0.650000	 -0.014339	 0.002640	 -0.017113
0.850000	 0.700000	 -0.015254	 0.002913	 -0.018753
0.850000	 0.750000	 -0.016263	 0.003194	 -0.020574
0.850000	 0.800000	 -0.017368	 0.003483	 -0.022581
0.850000	 0.850000	 -0.018574	 0.003778	 -0.024784
0.850000	 0.900000	 -0.019882	 0.004075	 -0.027189
0.850000	 0.950000	 -0.021294	 0.004372	 -0.029803
0.850000	 1.000000	 -0.022811	 0.004662	 -0.032629
0.850000	 1.050000	 -0.024432	 0.004939	 -0.035668
0.850000	 1.100000	 -0.026154	 0.005194	 -0.038920
0.850000	 1.150000	 -0.027969	 0.005417	 -0.042376
0.850000	 1.200000	 -0.029869	 0.005593	 -0.046025
0.850000	 1.250000	 -0.031838	 0.005707	 -0.049847
0.850000	 1.300000	 -0.033855	 0.005739	 -0.053809
0.850000	 1.350000	 -0.035885	 0.005667	 -0.057876
0.850000	 1.400000	 -0.037872	 0.005468	 -0.061983
0.850000	 1.450000	 -0.039703	 0.005113	 -0.066084
0.850000	 1.500000	 -0.041108	 0.004582	 -0.070040
0.850000	 1.550000	 -0.041439	 0.003836	 -0.073871
0.850000	 1.600000	 -0.039153	 0.002884	 -0.077172
0.850000	 1.650000	 -0.030971	 0.001648	 -0.080467
0.850000	 1.700000	 -0.010497	 0.000282	 -0.082066
0.850000	 1.750000	 0.032638	 -0.001539	 -0.085419
0.850000	 1.800000	 0.113223	 -0.002924	 -0.082042
0.850000	 1.850000	 0.245981	 -0.005675	 -0.091480
0.850000	 1.900000	 0.442672	 -0.005105	 -0.068539
0.850000	 1.950000	 0.697139	 -0.011433	 -0.119059
0.850000	 2.000000	 1.000000	 0.000000	 0.000000
0.900000	 0.000000	 0.000000	 0.000000	 -0.003649
0.900000	 0.050000	 -0.004567	 0.000052	 -0.003649
0.900000	 0.100000	 -0.007209	 0.000136	 -0.003568
0.900000	 0.150000	 -0.008665	 0.000251	 -0.003639
0.900000	 0.200000	 -0.009472	 0.000378	 -0.003764
0.900000	 0.250000	 -0.009978	 0.000513	 -0.003986
0.900000	 0.300000	 -0.010381	 0.000652	 -0.004289
0.900000	 0.350000	 -0.010781	 0.000796	 -0.004682
0.900000	 0.400000	 -0.011226	 0.000944	 -0.005165
0.900000	 0.450000	 -0.011736	 0.001097	 -0.005741
0.900000	 0.500000	 -0.012321	 0.001256	 -0.006414
0.900000	 0.550000	 -0.012984	 0.001420	 -0.007189
0.900000	 0.600000	 -0.013730	 0.001589	 -0.008070
0.900000	 0.650000	 -0.014563	 0.001765	 -0.009061
0.900000	 0.700000	 -0.015485	 0.001947	 -0.010167
0.900000	 0.750000	 -0.016500	 0.002134	 -0.011395
0.900000	 0.800000	 -0.017610	 0.002325	 -0.012749
0.900000	 0.850000	 -0.018819	 0.002520	 -0.014235
0.900000	 0.900000	 -0.020127	 0.002716	 -0.015857
0.900000	 0.950000	 -0.021535	 0.002911	 -0.017618
0.900000	 1.000000	 -0.023044	 0.003100	 -0.019522
0.900000	 1.050000	 -0.024649	 0.003279	 -0.021568
0.900000	 1.100000	 -0.026346	 0.003443	 -0.023756
0.900000	 1.150000	 -0.028128	 0.003583	 -0.026080
0.900000	 1.200000	 -0.029981	 0.003690	 -0.028530
0.900000	 1.250000	 -0.031888	 0.003754	 -0.031091
0.900000	 1.300000	 -0.033826	 0.003762	 -0.033742
0.900000	 1.350000	 -0.035759	 0.003698	 -0.036456
0.900000	 1.400000	 -0.037628	 0.003548	 -0.039187
0.900000	 1.450000	 -0.039319	 0.003293	 -0.041902
0.900000	 1.500000	 -0.040564	 0.002919	 -0.044506
0.900000	 1.550000	 -0.040717	 0.002405	 -0.047007
0.900000	 1.600000	 -0.038242	 0.001753	 -0.049137
0.900000	 1.650000	 -0.029867	 0.000918	 -0.051227
0.900000	 1.700000	 -0.009216	 0.000001	 -0.052180
0.900000	 1.750000	 0.034055	 -0.001202	 -0.054225
0.900000	 1.800000	 0.114688	 -0.002109	 -0.051890
0.900000	 1.850000	 0.247374	 -0.003873	 -0.057871
0.900000	 1.900000	 0.443783	 -0.003453	 -0.043022
0.900000	 1.950000	 0.697803	 -0.007477	 -0.075908
0.900000	 2.000000	 1.000000	 0.000000	 0.000000
0.950000	 0.000000	 0.000000	 0.000000	 0.001884
0.950000	 0.050000	 -0.004616	 0.000026	 0.001884
0.950000	 0.100000	 -0.007284	 0.000068	 0.001924
0.950000	 0.150000	 -0.008756	 0.000126	 0.001887
0.950000	 0.200000	 -0.009570	 0.000190	 0.001821
0.950000	 0.250000	 -0.010081	 0.000258	 0.001707
0.950000	 0.300000	 -0.010487	 0.000327	 0.001552
0.950000	 0.350000	 -0.010891	 0.000400	 0.001350
0.950000	 0.400000	 -0.011340	 0.000474	 0.001103
0.950000	 0.450000	 -0.011853	 0.000551	 0.000808
0.950000	 0.500000	 -0.012441	 0.000630	 0.000462
0.950000	 0.550000	 -0.013109	 0.000712	 0.000065
0.950000	 0.600000	 -0.013860	 0.000797	 -0.000386
0.950000	 0.650000	 -0.014697	 0.000885	 -0.000894
0.950000	 0.700000	 -0.015623	 0.000976	 -0.001462
0.950000	 0.750000	 -0.016641	 0.001069	 -0.002093
0.950000	 0.800000	 -0.017755	 0.001165	 -0.002789
0.950000	 0.850000	 -0.018964	 0.001262	 -0.003553
0.950000	 0.900000	 -0.020272	 0.001359	 -0.004388
0.950000	 0.950000	 -0.021678	 0.001455	 -0.005296
0.950000	 1.000000	 -0.023180	 0.001548	 -0.006278
0.950000	 1.050000	 -0.024775	 0.001636	 -0.007335
0.950000	 1.100000	 -0.026457	 0.001715	 -0.008465
0.950000	 1.150000	 -0.028217	 0.001782	 -0.009666
0.950000	 1.200000	 -0.030041	 0.001832	 -0.010933
0.950000	 1.250000	 -0.031910	 0.001859	 -0.012257
0.950000	 1.300000	 -0.033799	 0.001856	 -0.013626
0.950000	 1.350000	 -0.035671	 0.001816	 -0.015025
0.950000	 1.400000	 -0.037468	 0.001731	 -0.016429
0.950000	 1.450000	 -0.039074	 0.001592	 -0.017817
0.950000	 1.500000	 -0.040222	 0.001392	 -0.019140
0.950000	 1.550000	 -0.040268	 0.001119	 -0.020390
0.950000	 1.600000	 -0.037679	 0.000775	 -0.021435
0.950000	 1.650000	 -0.029191	 0.000338	 -0.022417
0.950000	 1.700000	 -0.008441	 -0.000141	 -0.022808
0.950000	 1.750000	 0.034902	 -0.000753	 -0.023650
0.950000	 1.800000	 0.115542	 -0.001213	 -0.022380
0.950000	 1.850000	 0.248154	 -0.002047	 -0.025043
0.950000	 1.900000	 0.444366	 -0.001803	 -0.018085
0.950000	 1.950000	 0.698101	 -0.003612	 -0.033804
0.950000	 2.000000	 1.000000	 0.000000	 0.000000
1.000000	 0.000000	 0.000000	 0.000000	 0.007459
1.000000	 0.050000	 -0.004632	 0.000000	 0.007459
1.000000	 0.100000	 -0.007310	 0.000000	 0.007457
1.000000	 0.150000	 -0.008786	 0.000001	 0.007454
1.000000	 0.200000	 -0.009603	 0.000001	 0.007450
1.000000	 0.250000	 -0.010115	 0.000001	 0.007444
1.000000	 0.300000	 -0.010523	 0.000001	 0.007437
1.000000	 0.350000	 -0.010928	 0.000001	 0.007428
1.000000	 0.400000	 -0.011377	 0.000001	 0.007418
1.000000	 0.450000	 -0.011892	 0.000001	 0.007405
1.000000	 0.500000	 -0.012482	 0.000001	 0.007391
1.000000	 0.550000	 -0.013151	 0.000002	 0.007373
1.000000	 0.600000	 -0.013903	 0.000002	 0.007353
1.000000	 0.650000	 -0.014741	 0.000002	 0.007330
1.000000	 0.700000	 -0.015669	 0.000002	 0.007304
1.000000	 0.750000	 -0.016689	 0.000002	 0.007273
1.000000	 0.800000	 -0.017803	 0.000003	 0.007237
1.000000	 0.850000	 -0.019013	 0.000003	 0.007196
1.000000	 0.900000	 -0.020320	 0.000003	 0.007149
1.000000	 0.950000	 -0.021725	 0.000003	 0.007095
1.000000	 1.000000	 -0.023225	 0.000003	 0.007035
1.000000	 1.050000	 -0.024816	 0.000002	 0.006966
1.000000	 1.100000	 -0.026493	 0.000001	 0.006890
1.000000	 1.150000	 -0.028244	 -0.000001	 0.006805
1.000000	 1.200000	 -0.030057	 -0.000003	 0.006713
1.000000	 1.250000	 -0.031912	 -0.000007	 0.006613
1.000000	 1.300000	 -0.033784	 -0.000012	 0.006509
1.000000	 1.350000	 -0.035634	 -0.000020	 0.006403
1.000000	 1.400000	 -0.037404	 -0.000031	 0.006298
1.000000	 1.450000	 -0.038979	 -0.000046	 0.006203
1.000000	 1.500000	 -0.040091	 -0.000066	 0.006124
1.000000	 1.550000	 -0.040097	 -0.000092	 0.006077
1.000000	 1.600000	 -0.037467	 -0.000126	 0.006068
1.000000	 1.650000	 -0.028938	 -0.000165	 0.006139
1.000000	 1.700000	 -0.008155	 -0.000213	 0.006263
1.000000	 1.750000	 0.035201	 -0.000249	 0.006565
1.000000	 1.800000	 0.115816	 -0.000279	 0.006756
1.000000	 1.850000	 0.248357	 -0.000213	 0.007331
1.000000	 1.900000	 0.444453	 -0.000160	 0.006520
1.000000	 1.950000	 0.698054	 0.000197	 0.007691
1.000000	 2.000000	 1.000000	 0.000000	 0.000000
1.050000	 0.000000	 0.000000	 0.000000	 0.013035
1.050000	 0.050000	 -0.004616	 -0.000026	 0.013035
1.050000	 0.100000	 -0.007285	 -0.000067	 0.012992
1.050000	 0.150000	 -0.008756	 -0.000125	 0.013023
1.050000	 0.200000	 -0.009570	 -0.000188	 0.013080
1.050000	 0.250000	 -0.010081	 -0.000256	 0.013182
1.050000	 0.300000	 -0.010487	 -0.000325	 0.013323
1.050000	 0.350000	 -0.010891	 -0.000397	 0.013507
1.050000	 0.400000	 -0.011340	 -0.000471	 0.013734
1.050000	 0.450000	 -0.011853	 -0.000548	 0.014004
1.050000	 0.500000	 -0.012442	 -0.000627	 0.014320
1.050000	 0.550000	 -0.013109	 -0.000709	 0.014683
1.050000	 0.600000	 -0.013860	 -0.000793	 0.015095
1.050000	 0.650000	 -0.014697	 -0.000881	 0.015557
1.050000	 0.700000	 -0.015623	 -0.000971	 0.016071
1.050000	 0.750000	 -0.016642	 -0.001064	 0.016640
1.050000	 0.800000	 -0.017755	 -0.001159	 0.017265
1.050000	 0.850000	 -0.018964	 -0.001256	 0.017948
1.050000	 0.900000	 -0.020272	 -0.001353	 0.018689
1.050000	 0.950000	 -0.021677	 -0.001449	 0.019490
1.050000	 1.000000	 -0.023179	 -0.001543	 0.020350
1.050000	 1.050000	 -0.024773	 -0.001632	 0.021270
1.050000	 1.100000	 -0.026455	 -0.001713	 0.022246
1.050000	 1.150000	 -0.028213	 -0.001782	 0.023277
1.050000	 1.200000	 -0.030034	 -0.001837	 0.024358
1.050000	 1.250000	 -0.031900	 -0.001871	 0.025481
1.050000	 1.300000	 -0.033785	 -0.001878	 0.026639
1.050000	 1.350000	 -0.035652	 -0.001854	 0.027821
1.050000	 1.400000	 -0.037442	 -0.001790	 0.029010
1.050000	 1.450000	 -0.039039	 -0.001680	 0.030200
1.050000	 1.500000	 -0.040176	 -0.001519	 0.031355
1.050000	 1.550000	 -0.040208	 -0.001296	 0.032499
1.050000	 1.600000	 -0.037605	 -0.001019	 0.033512
1.050000	 1.650000	 -0.029105	 -0.000661	 0.034619
1.050000	 1.700000	 -0.008354	 -0.000279	 0.035241
1.050000	 1.750000	 0.034962	 0.000261	 0.036667
1.050000	 1.800000	 0.115525	 0.000656	 0.035778
1.050000	 1.850000	 0.247999	 0.001614	 0.039567
1.050000	 1.900000	 0.444058	 0.001476	 0.031035
1.050000	 1.950000	 0.697671	 0.003983	 0.048995
1.050000	 2.000000	 1.000000	 0.000000	 0.000000
1.100000	 0.000000	 0.000000	 0.000000	 0.018570
1.100000	 0.050000	 -0.004568	 -0.000052	 0.018570
1.100000	 0.100000	 -0.007209	 -0.000135	 0.018486
1.100000	 0.150000	 -0.008665	 -0.000250	 0.018551
1.100000	 0.200000	 -0.009472	 -0.000376	 0.018668
1.100000	 0.250000	 -0.009978	 -0.000511	 0.018879
1.100000	 0.300000	 -0.010381	 -0.000650	 0.019167
1.100000	 0.350000	 -0.010781	 -0.000794	 0.019543
1.100000	 0.400000	 -0.011226	 -0.000942	 0.020005
1.100000	 0.450000	 -0.011737	 -0.001095	 0.020557
1.100000	 0.500000	 -0.012321	 -0.001253	 0.021201
1.100000	 0.550000	 -0.012984	 -0.001416	 0.021942
1.100000	 0.600000	 -0.013731	 -0.001586	 0.022783
1.100000	 0.650000	 -0.014563	 -0.001761	 0.023729
1.100000	 0.700000	 -0.015485	 -0.001942	 0.024783
1.100000	 0.750000	 -0.016500	 -0.002129	 0.025949
1.100000	 0.800000	 -0.017611	 -0.002320	 0.027233
1.100000	 0.850000	 -0.018819	 -0.002514	 0.028637
1.100000	 0.900000	 -0.020127	 -0.002710	 0.030166
1.100000	 0.950000	 -0.021535	 -0.002904	 0.031820
1.100000	 1.000000	 -0.023042	 -0.003094	 0.033602
1.100000	 1.050000	 -0.024646	 -0.003273	 0.035511
1.100000	 1.100000	 -0.026341	 -0.003438	 0.037544
1.100000	 1.150000	 -0.028120	 -0.003580	 0.039695
1.100000	 1.200000	 -0.029969	 -0.003691	 0.041954
1.100000	 1.250000	 -0.031870	 -0.003761	 0.044309
1.100000	 1.300000	 -0.033800	 -0.003777	 0.046739
1.100000	 1.350000	 -0.035722	 -0.003726	 0.049223
1.100000	 1.400000	 -0.037578	 -0.003595	 0.051722
1.100000	 1.450000	 -0.039251	 -0.003366	 0.054216
1.100000	 1.500000	 -0.040474	 -0.003028	 0.056623
1.100000	 1.550000	 -0.040600	 -0.002561	 0.058980
1.100000	 1.600000	 -0.038095	 -0.001974	 0.061035
1.100000	 1.650000	 -0.029694	 -0.001217	 0.063199
1.100000	 1.700000	 -0.009040	 -0.000398	 0.064336
1.100000	 1.750000	 0.034182	 0.000725	 0.066905
1.100000	 1.800000	 0.114664	 0.001557	 0.064945
1.100000	 1.850000	 0.247075	 0.003423	 0.071975
1.100000	 1.900000	 0.443178	 0.003103	 0.055698
1.100000	 1.950000	 0.696947	 0.007780	 0.090529
1.100000	 2.000000	 1.000000	 0.000000	 0.000000
1.150000	 0.000000	 0.000000	 0.000000	 0.024024
1.150000	 0.050000	 -0.004488	 -0.000078	 0.024024
1.150000	 0.100000	 -0.007083	 -0.000202	 0.023899
1.150000	 0.150000	 -0.008515	 -0.000374	 0.023997
1.150000	 0.200000	 -0.009309	 -0.000562	 0.024174
1.150000	 0.250000	 -0.009807	 -0.000763	 0.024491
1.150000	 0.300000	 -0.010204	 -0.000972	 0.024925
1.150000	 0.350000	 -0.010599	 -0.001186	 0.025490
1.150000	 0.400000	 -0.011038	 -0.001408	 0.026185
1.150000	 0.450000	 -0.011542	 -0.001636	 0.027015
1.150000	 0.500000	 -0.012120	 -0.001873	 0.027985
1.150000	 0.550000	 -0.012776	 -0.002118	 0.029100
1.150000	 0.600000	 -0.013515	 -0.002372	 0.030366
1.150000	 0.650000	 -0.014340	 -0.002636	 0.031791
1.150000	 0.700000	 -0.015255	 -0.002908	 0.033379
1.150000	 0.750000	 -0.016264	 -0.003189	 0.035139
1.150000	 0.800000	 -0.017369	 -0.003478	 0.037077
1.150000	 0.850000	 -0.018574	 -0.003772	 0.039200
1.150000	 0.900000	 -0.019882	 -0.004069	 0.041513
1.150000	 0.950000	 -0.021293	 -0.004365	 0.044020
1.150000	 1.000000	 -0.022809	 -0.004654	 0.046724
1.150000	 1.050000	 -0.024429	 -0.004931	 0.049625
1.150000	 1.100000	 -0.026147	 -0.005187	 0.052719
1.150000	 1.150000	 -0.027959	 -0.005410	 0.055999
1.150000	 1.200000	 -0.029853	 -0.005588	 0.059451
1.150000	 1.250000	 -0.031814	 -0.005705	 0.063056
1.150000	 1.300000	 -0.033819	 -0.005743	 0.066784
1.150000	 1.350000	 -0.035834	 -0.005681	 0.070600
1.150000	 1.400000	 -0.037801	 -0.005496	 0.074447
1.150000	 1.450000	 -0.039606	 -0.005162	 0.078289
1.150000	 1.500000	 -0.040978	 -0.004660	 0.082000
1.150000	 1.550000	 -0.041268	 -0.003957	 0.085626
1.150000	 1.600000	 -0.038936	 -0.003064	 0.088780
1.150000	 1.650000	 -0.030711	 -0.001904	 0.092059
1.150000	 1.700000	 -0.010225	 -0.000638	 0.093761
1.150000	 1.750000	 0.032843	 0.001090	 0.097534
1.150000	 1.800000	 0.113211	 0.002385	 0.094520
1.150000	 1.850000	 0.245562	 0.005196	 0.104876
1.150000	 1.900000	 0.441793	 0.004719	 0.080754
1.150000	 1.950000	 0.695868	 0.011619	 0.132717
1.150000	 2.000000	 1.000000	 0.000000	 0.000000
1.200000	 0.000000	 0.000000	 0.000000	 0.029355
1.200000	 0.050000	 -0.004376	 -0.000103	 0.029355
1.200000	 0.100000	 -0.006908	 -0.000267	 0.029189
1.200000	 0.150000	 -0.008306	 -0.000495	 0.029320
1.200000	 0.200000	 -0.009081	 -0.000745	 0.029556
1.200000	 0.250000	 -0.009568	 -0.001012	 0.029977
1.200000	 0.300000	 -0.009957	 -0.001288	 0.030555
1.200000	 0.350000	 -0.010345	 -0.001573	 0.031305
1.200000	 0.400000	 -0.010776	 -0.001866	 0.032228
1.200000	 0.450000	 -0.011271	 -0.002170	 0.033332
1.200000	 0.500000	 -0.011839	 -0.002485	 0.034621
1.200000	 0.550000	 -0.012484	 -0.002811	 0.036104
1.200000	 0.600000	 -0.013213	 -0.003150	 0.037789
1.200000	 0.650000	 -0.014027	 -0.003502	 0.039686
1.200000	 0.700000	 -0.014932	 -0.003866	 0.041802
1.200000	 0.750000	 -0.015930	 -0.004243	 0.044148
1.200000	 0.800000	 -0.017028	 -0.004631	 0.046734
1.200000	 0.850000	 -0.018228	 -0.005027	 0.049569
1.200000	 0.900000	 -0.019534	 -0.005429	 0.052662
1.200000	 0.950000	 -0.020949	 -0.005832	 0.056019
1.200000	 1.000000	 -0.022475	 -0.006229	 0.059644
1.200000	 1.050000	 -0.024113	 -0.006611	 0.063541
1.200000	 1.100000	 -0.025862	 -0.006968	 0.067704
1.200000	 1.150000	 -0.027718	 -0.007286	 0.072127
1.200000	 1.200000	 -0.029673	 -0.007547	 0.076793
1.200000	 1.250000	 -0.031715	 -0.007730	 0.081676
1.200000	 1.300000	 -0.033824	 -0.007810	 0.086739
1.200000	 1.350000	 -0.035969	 -0.007758	 0.091937
1.200000	 1.400000	 -0.038095	 -0.007543	 0.097192
1.200000	 1.450000	 -0.040087	 -0.007128	 0.102454
1.200000	 1.500000	 -0.041674	 -0.006483	 0.107551
1.200000	 1.550000	 -0.042204	 -0.005560	 0.112537
1.200000	 1.600000	 -0.040128	 -0.004369	 0.116885
1.200000	 1.650000	 -0.032165	 -0.002803	 0.121384
1.200000	 1.700000	 -0.011930	 -0.001073	 0.123737
1.200000	 1.750000	 0.030914	 0.001293	 0.128819
1.200000	 1.800000	 0.111128	 0.003093	 0.124780
1.200000	 1.850000	 0.243417	 0.006914	 0.138608
1.200000	 1.900000	 0.439859	 0.006316	 0.106465
1.200000	 1.950000	 0.694402	 0.015533	 0.176013
1.200000	 2.000000	 1.000000	 0.000000	 0.000000
1.250000	 0.000000	 0.000000	 0.000000	 0.034523
1.250000	 0.050000	 -0.004233	 -0.000128	 0.034523
1.250000	 0.100000	 -0.006685	 -0.000331	 0.034319
1.250000	 0.150000	 -0.008039	 -0.000614	 0.034481
1.250000	 0.200000	 -0.008791	 -0.000924	 0.034773
1.250000	 0.250000	 -0.009264	 -0.001254	 0.035297
1.250000	 0.300000	 -0.009642	 -0.001597	 0.036013
1.250000	 0.350000	 -0.010020	 -0.001951	 0.036945
1.250000	 0.400000	 -0.010440	 -0.002316	 0.038090
1.250000	 0.450000	 -0.010924	 -0.002693	 0.039460
1.250000	 0.500000	 -0.011478	 -0.003085	 0.041062
1.250000	 0.550000	 -0.012110	 -0.003492	 0.042905
1.250000	 0.600000	 -0.012824	 -0.003915	 0.044999
1.250000	 0.650000	 -0.013623	 -0.004355	 0.047358
1.250000	 0.700000	 -0.014513	 -0.004812	 0.049992
1.250000	 0.750000	 -0.015499	 -0.005286	 0.052915
1.250000	 0.800000	 -0.016584	 -0.005775	 0.056139
1.250000	 0.850000	 -0.017775	 -0.006278	 0.059678
1.250000	 0.900000	 -0.019077	 -0.006790	 0.063543
1.250000	 0.950000	 -0.020493	 -0.007306	 0.067745
1.250000	 1.000000	 -0.022029	 -0.007819	 0.072291
1.250000	 1.050000	 -0.023688	 -0.008318	 0.077186
1.250000	 1.100000	 -0.025472	 -0.008791	 0.082428
1.250000	 1.150000	 -0.027380	 -0.009221	 0.088010
1.250000	 1.200000	 -0.029408	 -0.009586	 0.093914
1.250000	 1.250000	 -0.031550	 -0.009859	 0.100113
1.250000	 1.300000	 -0.033790	 -0.010010	 0.106561
1.250000	 1.350000	 -0.036100	 -0.010001	 0.113206
1.250000	 1.400000	 -0.038430	 -0.009790	 0.119951
1.250000	 1.450000	 -0.040668	 -0.009327	 0.126733
1.250000	 1.500000	 -0.042540	 -0.008571	 0.133331
1.250000	 1.550000	 -0.043393	 -0.007453	 0.139810
1.250000	 1.600000	 -0.041667	 -0.005980	 0.145492
1.250000	 1.650000	 -0.034067	 -0.004007	 0.151362
1.250000	 1.700000	 -0.014182	 -0.001795	 0.154496
1.250000	 1.750000	 0.028350	 0.001256	 0.161044
1.250000	 1.800000	 0.108352	 0.003619	 0.156029
1.250000	 1.850000	 0.240568	 0.008544	 0.173541
1.250000	 1.900000	 0.437314	 0.007884	 0.133118
1.250000	 1.950000	 0.692504	 0.019556	 0.220906
1.250000	 2.000000	 1.000000	 0.000000	 0.000000
1.300000	 0.000000	 0.000000	 0.000000	 0.039490
1.300000	 0.050000	 -0.004061	 -0.000152	 0.039490
1.300000	 0.100000	 -0.006415	 -0.000393	 0.039247
1.300000	 0.150000	 -0.007716	 -0.000729	 0.039440
1.300000	 0.200000	 -0.008439	 -0.001097	 0.039787
1.300000	 0.250000	 -0.008895	 -0.001490	 0.040409
1.300000	 0.300000	 -0.009261	 -0.001897	 0.041260
1.300000	 0.350000	 -0.009626	 -0.002318	 0.042366
1.300000	 0.400000	 -0.010033	 -0.002752	 0.043727
1.300000	 0.450000	 -0.010501	 -0.003203	 0.045355
1.300000	 0.500000	 -0.011040	 -0.003670	 0.047259
1.300000	 0.550000	 -0.011654	 -0.004156	 0.049451
1.300000	 0.600000	 -0.012349	 -0.004663	 0.051943
1.300000	 0.650000	 -0.013129	 -0.005191	 0.054751
1.300000	 0.700000	 -0.014000	 -0.005741	 0.057891
1.300000	 0.750000	 -0.014967	 -0.006314	 0.061377
1.300000	 0.800000	 -0.016036	 -0.006907	 0.065227
1.300000	 0.850000	 -0.017213	 -0.007519	 0.069458
1.300000	 0.900000	 -0.018505	 -0.008147	 0.074085
1.300000	 0.950000	 -0.019919	 -0.008784	 0.079124
1.300000	 1.000000	 -0.021462	 -0.009424	 0.084586
1.300000	 1.050000	 -0.023140	 -0.010054	 0.090480
1.300000	 1.100000	 -0.024959	 -0.010660	 0.096809
1.300000	 1.150000	 -0.026923	 -0.011223	 0.103567
1.300000	 1.200000	 -0.029034	 -0.011718	 0.110738
1.300000	 1.250000	 -0.031289	 -0.012114	 0.118297
1.300000	 1.300000	 -0.033681	 -0.012373	 0.126191
1.300000	 1.350000	 -0.036189	 -0.012448	 0.134364
1.300000	 1.400000	 -0.038767	 -0.012288	 0.142702
1.300000	 1.450000	 -0.041308	 -0.011825	 0.151131
1.300000	 1.500000	 -0.043541	 -0.011004	 0.159382
1.300000	 1.550000	 -0.044809	 -0.009731	 0.167531
1.300000	 1.600000	 -0.043541	 -0.008003	 0.174735
1.300000	 1.650000	 -0.036426	 -0.005629	 0.182188
1.300000	 1.700000	 -0.017015	 -0.002917	 0.186284
1.300000	 1.750000	 0.025087	 0.000875	 0.194523
1.300000	 1.800000	 0.104800	 0.003880	 0.188601
1.300000	 1.850000	 0.236917	 0.010040	 0.210095
1.300000	 1.900000	 0.434063	 0.009401	 0.161040
1.300000	 1.950000	 0.690104	 0.023722	 0.267952
1.300000	 2.000000	 1.000000	 0.000000	 0.000000
1.350000	 0.000000	 0.000000	 0.000000	 0.044217
1.350000	 0.050000	 -0.003859	 -0.000175	 0.044217
1.350000	 0.100000	 -0.006099	 -0.000453	 0.043938
1.350000	 0.150000	 -0.007339	 -0.000840	 0.044160
1.350000	 0.200000	 -0.008028	 -0.001264	 0.044559
1.350000	 0.250000	 -0.008464	 -0.001717	 0.045275
1.350000	 0.300000	 -0.008814	 -0.002186	 0.046254
1.350000	 0.350000	 -0.009164	 -0.002672	 0.047528
1.350000	 0.400000	 -0.009555	 -0.003174	 0.049096
1.350000	 0.450000	 -0.010005	 -0.003695	 0.050971
1.350000	 0.500000	 -0.010524	 -0.004236	 0.053165
1.350000	 0.550000	 -0.011117	 -0.004801	 0.055693
1.350000	 0.600000	 -0.011788	 -0.005390	 0.058569
1.350000	 0.650000	 -0.012544	 -0.006006	 0.061811
1.350000	 0.700000	 -0.013390	 -0.006649	 0.065439
1.350000	 0.750000	 -0.014333	 -0.007321	 0.069471
1.350000	 0.800000	 -0.015378	 -0.008021	 0.073930
1.350000	 0.850000	 -0.016535	 -0.008747	 0.078836
1.350000	 0.900000	 -0.017811	 -0.009496	 0.084211
1.350000	 0.950000	 -0.019216	 -0.010263	 0.090075
1.350000	 1.000000	 -0.020759	 -0.011040	 0.096445
1.350000	 1.050000	 -0.022451	 -0.011815	 0.103336
1.350000	 1.100000	 -0.024302	 -0.012574	 0.110757
1.350000	 1.150000	 -0.026321	 -0.013296	 0.118707
1.350000	 1.200000	 -0.028516	 -0.013953	 0.127177
1.350000	 1.250000	 -0.030894	 -0.014510	 0.136141
1.350000	 1.300000	 -0.033454	 -0.014923	 0.145550
1.350000	 1.350000	 -0.036185	 -0.015136	 0.155344
1.350000	 1.400000	 -0.039051	 -0.015086	 0.165398
1.350000	 1.450000	 -0.041953	 -0.014689	 0.175631
1.350000	 1.500000	 -0.044625	 -0.013870	 0.185724
1.350000	 1.550000	 -0.046410	 -0.012502	 0.195769
1.350000	 1.600000	 -0.045728	 -0.010567	 0.204743
1.350000	 1.650000	 -0.039247	 -0.007814	 0.214059
1.350000	 1.700000	 -0.020470	 -0.004590	 0.219369
1.350000	 1.750000	 0.021048	 0.000009	 0.229607
1.350000	 1.800000	 0.100356	 0.003755	 0.222888
1.350000	 1.850000	 0.232324	 0.011327	 0.248768
1.350000	 1.900000	 0.429976	 0.010829	 0.190623
1.350000	 1.950000	 0.687104	 0.028062	 0.317802
1.350000	 2.000000	 1.000000	 0.000000	 0.000000
1.400000	 0.000000	 0.000000	 0.000000	 0.048669
1.400000	 0.050000	 -0.003630	 -0.000196	 0.048669
1.400000	 0.100000	 -0.005739	 -0.000510	 0.048355
1.400000	 0.150000	 -0.006909	 -0.000946	 0.048604
1.400000	 0.200000	 -0.007560	 -0.001423	 0.049053
1.400000	 0.250000	 -0.007973	 -0.001933	 0.049857
1.400000	 0.300000	 -0.008305	 -0.002462	 0.050959
1.400000	 0.350000	 -0.008637	 -0.003010	 0.052392
1.400000	 0.400000	 -0.009010	 -0.003578	 0.054155
1.400000	 0.450000	 -0.009438	 -0.004166	 0.056266
1.400000	 0.500000	 -0.009933	 -0.004780	 0.058736
1.400000	 0.550000	 -0.010500	 -0.005420	 0.061583
1.400000	 0.600000	 -0.011143	 -0.006091	 0.064825
1.400000	 0.650000	 -0.011869	 -0.006793	 0.068482
1.400000	 0.700000	 -0.012684	 -0.007530	 0.072578
1.400000	 0.750000	 -0.013595	 -0.008302	 0.077136
1.400000	 0.800000	 -0.014609	 -0.009109	 0.082182
1.400000	 0.850000	 -0.015737	 -0.009952	 0.087743
1.400000	 0.900000	 -0.016988	 -0.010828	 0.093845
1.400000	 0.950000	 -0.018375	 -0.011733	 0.100516
1.400000	 1.000000	 -0.019909	 -0.012659	 0.107780
1.400000	 1.050000	 -0.021604	 -0.013596	 0.115660
1.400000	 1.100000	 -0.023477	 -0.014529	 0.124172
1.400000	 1.150000	 -0.025543	 -0.015437	 0.133327
1.400000	 1.200000	 -0.027819	 -0.016292	 0.143120
1.400000	 1.250000	 -0.030318	 -0.017055	 0.153536
1.400000	 1.300000	 -0.033053	 -0.017677	 0.164532
1.400000	 1.350000	 -0.036025	 -0.018095	 0.176051
1.400000	 1.400000	 -0.039211	 -0.018232	 0.187960
1.400000	 1.450000	 -0.042527	 -0.017987	 0.200181
1.400000	 1.500000	 -0.045717	 -0.017261	 0.212343
1.400000	 1.550000	 -0.048131	 -0.015889	 0.224564
1.400000	 1.600000	 -0.048181	 -0.013825	 0.235623
1.400000	 1.650000	 -0.042516	 -0.010740	 0.247172
1.400000	 1.700000	 -0.024580	 -0.007010	 0.254031
1.400000	 1.750000	 0.016139	 -0.001537	 0.266694
1.400000	 1.800000	 0.094873	 0.003070	 0.259337
1.400000	 1.850000	 0.226602	 0.012286	 0.290155
1.400000	 1.900000	 0.424865	 0.012102	 0.222340
1.400000	 1.950000	 0.683363	 0.032607	 0.371250
1.400000	 2.000000	 1.000000	 0.000000	 0.000000
1.450000	 0.000000	 0.000000	 0.000000	 0.052811
1.450000	 0.050000	 -0.003374	 -0.000217	 0.052811
1.450000	 0.100000	 -0.005339	 -0.000563	 0.052463
1.450000	 0.150000	 -0.006429	 -0.001045	 0.052739
1.450000	 0.200000	 -0.007038	 -0.001573	 0.053234
1.450000	 0.250000	 -0.007425	 -0.002138	 0.054121
1.450000	 0.300000	 -0.007736	 -0.002723	 0.055337
1.450000	 0.350000	 -0.008049	 -0.003331	 0.056919
1.450000	 0.400000	 -0.008399	 -0.003960	 0.058866
1.450000	 0.450000	 -0.008803	 -0.004614	 0.061197
1.450000	 0.500000	 -0.009270	 -0.005296	 0.063927
1.450000	 0.550000	 -0.009805	 -0.006010	 0.067074
1.450000	 0.600000	 -0.010415	 -0.006759	 0.070661
1.450000	 0.650000	 -0.011105	 -0.007546	 0.074711
1.450000	 0.700000	 -0.011881	 -0.008375	 0.079251
1.450000	 0.750000	 -0.012752	 -0.009246	 0.084308
1.450000	 0.800000	 -0.013727	 -0.010163	 0.089914
1.450000	 0.850000	 -0.014815	 -0.011126	 0.096102
1.450000	 0.900000	 -0.016030	 -0.012133	 0.102905
1.450000	 0.950000	 -0.017385	 -0.013183	 0.110358
1.450000	 1.000000	 -0.018895	 -0.014269	 0.118494
1.450000	 1.050000	 -0.020580	 -0.015384	 0.127346
1.450000	 1.100000	 -0.022460	 -0.016513	 0.136942
1.450000	 1.150000	 -0.024557	 -0.017637	 0.147303
1.450000	 1.200000	 -0.026898	 -0.018727	 0.158439
1.450000	 1.250000	 -0.029507	 -0.019746	 0.170349
1.450000	 1.300000	 -0.032412	 -0.020642	 0.183000
1.450000	 1.350000	 -0.035629	 -0.021344	 0.196350
1.450000	 1.400000	 -0.039155	 -0.021765	 0.210265
1.450000	 1.450000	 -0.042927	 -0.021783	 0.224681
1.450000	 1.500000	 -0.046710	 -0.021275	 0.239181
1.450000	 1.550000	 -0.049869	 -0.020030	 0.253920
1.450000	 1.600000	 -0.050819	 -0.017960	 0.267459
1.450000	 1.650000	 -0.046194	 -0.014636	 0.281723
1.450000	 1.700000	 -0.029368	 -0.010442	 0.290586
1.450000	 1.750000	 0.010259	 -0.004040	 0.306263
1.450000	 1.800000	 0.088166	 0.001564	 0.298520
1.450000	 1.850000	 0.219494	 0.012728	 0.335038
1.450000	 1.900000	 0.418470	 0.013104	 0.256822
1.450000	 1.950000	 0.678677	 0.037379	 0.429332
1.450000	 2.000000	 1.000000	 0.000000	 0.000000
1.500000	 0.000000	 0.000000	 0.000000	 0.056611
1.500000	 0.050000	 -0.003094	 -0.000237	 0.056611
1.500000	 0.100000	 -0.004899	 -0.000614	 0.056232
1.500000	 0.150000	 -0.005904	 -0.001138	 0.056531
1.500000	 0.200000	 -0.006466	 -0.001713	 0.057069
1.500000	 0.250000	 -0.006823	 -0.002328	 0.058033
1.500000	 0.300000	 -0.007111	 -0.002967	 0.059354
1.500000	 0.350000	 -0.007401	 -0.003630	 0.061073
1.500000	 0.400000	 -0.007726	 -0.004317	 0.063190
1.500000	 0.450000	 -0.008102	 -0.005033	 0.065726
1.500000	 0.500000	 -0.008536	 -0.005781	 0.068696
1.500000	 0.550000	 -0.009036	 -0.006565	 0.072123
1.500000	 0.600000	 -0.009606	 -0.007389	 0.076031
1.500000	 0.650000	 -0.010253	 -0.008259	 0.080447
1.500000	 0.700000	 -0.010983	 -0.009176	 0.085401
1.500000	 0.750000	 -0.011805	 -0.010146	 0.090927
1.500000	 0.800000	 -0.012729	 -0.011172	 0.097060
1.500000	 0.850000	 -0.013767	 -0.012255	 0.103841
1.500000	 0.900000	 -0.014931	 -0.013396	 0.111310
1.500000	 0.950000	 -0.016238	 -0.014597	 0.119510
1.500000	 1.000000	 -0.017707	 -0.015853	 0.128487
1.500000	 1.050000	 -0.019360	 -0.017159	 0.138283
1.500000	 1.100000	 -0.021223	 -0.018505	 0.148941
1.500000	 1.150000	 -0.023327	 -0.019873	 0.160499
1.500000	 1.200000	 -0.025707	 -0.021240	 0.172984
1.500000	 1.250000	 -0.028402	 -0.022569	 0.186416
1.500000	 1.300000	 -0.031453	 -0.023809	 0.200781
1.500000	 1.350000	 -0.034901	 -0.024885	 0.216062
1.500000	 1.400000	 -0.038768	 -0.025705	 0.232138
1.500000	 1.450000	 -0.043019	 -0.026128	 0.248970
1.500000	 1.500000	 -0.047455	 -0.026005	 0.266108
1.500000	 1.550000	 -0.051473	 -0.025070	 0.283764
1.500000	 1.600000	 -0.053506	 -0.023185	 0.300266
1.500000	 1.650000	 -0.050189	 -0.019787	 0.317858
1.500000	 1.700000	 -0.034822	 -0.015242	 0.329326
1.500000	 1.750000	 0.003303	 -0.007892	 0.348823
1.500000	 1.800000	 0.080001	 -0.001155	 0.341071
1.500000	 1.850000	 0.210650	 0.012345	 0.384369
1.500000	 1.900000	 0.410415	 0.013637	 0.294846
1.500000	 1.950000	 0.672735	 0.042381	 0.493394
1.500000	 2.000000	 1.000000	 0.000000	 0.000000
1.550000	 0.000000	 0.000000	 0.000000	 0.060039
1.550000	 0.050000	 -0.002790	 -0.000254	 0.060039
1.550000	 0.100000	 -0.004424	 -0.000660	 0.059631
1.550000	 0.150000	 -0.005335	 -0.001224	 0.059952
1.550000	 0.200000	 -0.005846	 -0.001841	 0.060529
1.550000	 0.250000	 -0.006171	 -0.002503	 0.061562
1.550000	 0.300000	 -0.006434	 -0.003191	 0.062979
1.550000	 0.350000	 -0.006698	 -0.003905	 0.064822
1.550000	 0.400000	 -0.006995	 -0.004646	 0.067094
1.550000	 0.450000	 -0.007339	 -0.005419	 0.069815
1.550000	 0.500000	 -0.007737	 -0.006228	 0.073004
1.550000	 0.550000	 -0.008196	 -0.007078	 0.076686
1.550000	 0.600000	 -0.008720	 -0.007974	 0.080887
1.550000	 0.650000	 -0.009317	 -0.008921	 0.085638
1.550000	 0.700000	 -0.009993	 -0.009925	 0.090973
1.550000	 0.750000	 -0.010756	 -0.010990	 0.096931
1.550000	 0.800000	 -0.011618	 -0.012121	 0.103552
1.550000	 0.850000	 -0.012590	 -0.013323	 0.110884
1.550000	 0.900000	 -0.013687	 -0.014600	 0.118975
1.550000	 0.950000	 -0.014927	 -0.015954	 0.127879
1.550000	 1.000000	 -0.016332	 -0.017386	 0.137650
1.550000	 1.050000	 -0.017927	 -0.018895	 0.148349
1.550000	 1.100000	 -0.019744	 -0.020474	 0.160032
1.550000	 1.150000	 -0.021820	 -0.022114	 0.172757
1.550000	 1.200000	 -0.024201	 -0.023795	 0.186577
1.550000	 1.250000	 -0.026938	 -0.025487	 0.201538
1.550000	 1.300000	 -0.030093	 -0.027144	 0.217655
1.550000	 1.350000	 -0.033732	 -0.028696	 0.234950
1.550000	 1.400000	 -0.037908	 -0.030048	 0.253330
1.550000	 1.450000	 -0.042631	 -0.031046	 0.272803
1.550000	 1.500000	 -0.047749	 -0.031523	 0.292906
1.550000	 1.550000	 -0.052719	 -0.031153	 0.313943
1.550000	 1.600000	 -0.056020	 -0.029738	 0.333999
1.550000	 1.650000	 -0.054316	 -0.026543	 0.355712
1.550000	 1.700000	 -0.040848	 -0.021876	 0.370611
1.550000	 1.750000	 -0.004788	 -0.013650	 0.395080
1.550000	 1.800000	 0.070123	 -0.005678	 0.387941
1.550000	 1.850000	 0.199615	 0.010644	 0.439613
1.550000	 1.900000	 0.400171	 0.013356	 0.337663
1.550000	 1.950000	 0.665073	 0.047589	 0.565517
1.550000	 2.000000	 1.000000	 0.000000	 0.000000
1.600000	 0.000000	 0.000000	 0.000000	 0.063066
1.600000	 0.050000	 -0.002466	 -0.000270	 0.063066
1.600000	 0.100000	 -0.003915	 -0.000701	 0.062635
1.600000	 0.150000	 -0.004727	 -0.001300	 0.062974
1.600000	 0.200000	 -0.005183	 -0.001957	 0.063586
1.600000	 0.250000	 -0.005473	 -0.002660	 0.064681
1.600000	 0.300000	 -0.005708	 -0.003392	 0.066183
1.600000	 0.350000	 -0.005945	 -0.004152	 0.068137
1.600000	 0.400000	 -0.006211	 -0.004942	 0.070545
1.600000	 0.450000	 -0.006519	 -0.005766	 0.073432
1.600000	 0.500000	 -0.006877	 -0.006631	 0.076816
1.600000	 0.550000	 -0.007289	 -0.007541	 0.080726
1.600000	 0.600000	 -0.007762	 -0.008503	 0.085189
1.600000	 0.650000	 -0.008301	 -0.009523	 0.090241
1.600000	 0.700000	 -0.008914	 -0.010607	 0.095919
1.600000	 0.750000	 -0.009608	 -0.011762	 0.102266
1.600000	 0.800000	 -0.010395	 -0.012994	 0.109329
1.600000	 0.850000	 -0.011287	 -0.014312	 0.117162
1.600000	 0.900000	 -0.012299	 -0.015720	 0.125822
1.600000	 0.950000	 -0.013451	 -0.017227	 0.135373
1.600000	 1.000000	 -0.014765	 -0.018836	 0.145881
1.600000	 1.050000	 -0.016270	 -0.020552	 0.157423
1.600000	 1.100000	 -0.018003	 -0.022377	 0.170074
1.600000	 1.150000	 -0.020005	 -0.024307	 0.183916
1.600000	 1.200000	 -0.022333	 -0.026333	 0.199028
1.600000	 1.250000	 -0.025051	 -0.028435	 0.215493
1.600000	 1.300000	 -0.028242	 -0.030581	 0.233368
1.600000	 1.350000	 -0.031996	 -0.032709	 0.252726
1.600000	 1.400000	 -0.036411	 -0.034737	 0.273520
1.600000	 1.450000	 -0.041547	 -0.036509	 0.295838
1.600000	 1.500000	 -0.047327	 -0.037848	 0.319227
1.600000	 1.550000	 -0.053294	 -0.038377	 0.344137
1.600000	 1.600000	 -0.058021	 -0.037838	 0.368411
1.600000	 1.650000	 -0.058261	 -0.035284	 0.395196
1.600000	 1.700000	 -0.047236	 -0.030920	 0.414562
1.600000	 1.750000	 -0.014016	 -0.022063	 0.445545
1.600000	 1.800000	 0.058229	 -0.012874	 0.439924
1.600000	 1.850000	 0.185741	 0.006841	 0.502319
1.600000	 1.900000	 0.386912	 0.011667	 0.386580
1.600000	 1.950000	 0.654913	 0.052898	 0.648404
1.600000	 2.000000	 1.000000	 0.000000	 0.000000
1.650000	 0.000000	 0.000000	 0.000000	 0.065666
1.650000	 0.050000	 -0.002123	 -0.000284	 0.065666
1.650000	 0.100000	 -0.003379	 -0.000737	 0.065215
1.650000	 0.150000	 -0.004085	 -0.001366	 0.065572
1.650000	 0.200000	 -0.004482	 -0.002055	 0.066214
1.650000	 0.250000	 -0.004736	 -0.002795	 0.067363
1.650000	 0.300000	 -0.004941	 -0.003564	 0.068937
1.650000	 0.350000	 -0.005148	 -0.004364	 0.070987
1.650000	 0.400000	 -0.005380	 -0.005196	 0.073513
1.650000	 0.450000	 -0.005649	 -0.006066	 0.076543
1.650000	 0.500000	 -0.005962	 -0.006980	 0.080096
1.650000	 0.550000	 -0.006323	 -0.007943	 0.084203
1.650000	 0.600000	 -0.006738	 -0.008963	 0.088894
1.650000	 0.650000	 -0.007213	 -0.010047	 0.094207
1.650000	 0.700000	 -0.007753	 -0.011203	 0.100184
1.650000	 0.750000	 -0.008368	 -0.012440	 0.106872
1.650000	 0.800000	 -0.009067	 -0.013765	 0.114324
1.650000	 0.850000	 -0.009863	 -0.015189	 0.122599
1.650000	 0.900000	 -0.010772	 -0.016721	 0.131763
1.650000	 0.950000	 -0.011811	 -0.018372	 0.141890
1.650000	 1.000000	 -0.013006	 -0.020153	 0.153060
1.650000	 1.050000	 -0.014386	 -0.022073	 0.165365
1.650000	 1.100000	 -0.015989	 -0.024143	 0.178901
1.650000	 1.150000	 -0.017864	 -0.026370	 0.193775
1.650000	 1.200000	 -0.020071	 -0.028758	 0.210101
1.650000	 1.250000	 -0.022690	 -0.031304	 0.228002
1.650000	 1.300000	 -0.025817	 -0.033993	 0.247586
1.650000	 1.350000	 -0.029575	 -0.036789	 0.268996
1.650000	 1.400000	 -0.034102	 -0.039631	 0.292257
1.650000	 1.450000	 -0.039525	 -0.042385	 0.317574
1.650000	 1.500000	 -0.045856	 -0.044887	 0.344545
1.650000	 1.550000	 -0.052770	 -0.046732	 0.373851
1.650000	 1.600000	 -0.058998	 -0.047618	 0.403130
1.650000	 1.650000	 -0.061471	 -0.046364	 0.436217
1.650000	 1.700000	 -0.053497	 -0.043025	 0.461538
1.650000	 1.750000	 -0.024120	 -0.034096	 0.501368
1.650000	 1.800000	 0.044165	 -0.023975	 0.498928
1.650000	 1.850000	 0.168327	 -0.000271	 0.575887
1.650000	 1.900000	 0.369569	 0.007586	 0.444851
1.650000	 1.950000	 0.641125	 0.058143	 0.747670
1.650000	 2.000000	 1.000000	 0.000000	 0.000000
1.700000	 0.000000	 0.000000	 0.000000	 0.067821
1.700000	 0.050000	 -0.001764	 -0.000296	 0.067821
1.700000	 0.100000	 -0.002818	 -0.000765	 0.067359
1.700000	 0.150000	 -0.003414	 -0.001417	 0.067731
1.700000	 0.200000	 -0.003750	 -0.002131	 0.068400
1.700000	 0.250000	 -0.003965	 -0.002899	 0.069593
1.700000	 0.300000	 -0.004138	 -0.003697	 0.071228
1.700000	 0.350000	 -0.004312	 -0.004528	 0.073357
1.700000	 0.400000	 -0.004507	 -0.005394	 0.075982
1.700000	 0.450000	 -0.004735	 -0.006300	 0.079131
1.700000	 0.500000	 -0.004999	 -0.007253	 0.082825
1.700000	 0.550000	 -0.005305	 -0.008259	 0.087097
1.700000	 0.600000	 -0.005657	 -0.009326	 0.091979
1.700000	 0.650000	 -0.006060	 -0.010463	 0.097512
1.700000	 0.700000	 -0.006520	 -0.011679	 0.103741
1.700000	 0.750000	 -0.007045	 -0.012983	 0.110717
1.700000	 0.800000	 -0.007644	 -0.014387	 0.118498
1.700000	 0.850000	 -0.008329	 -0.015902	 0.127149
1.700000	 0.900000	 -0.009114	 -0.017541	 0.136744
1.700000	 0.950000	 -0.010017	 -0.019320	 0.147366
1.700000	 1.000000	 -0.011062	 -0.021254	 0.159109
1.700000	 1.050000	 -0.012278	 -0.023361	 0.172079
1.700000	 1.100000	 -0.013704	 -0.025660	 0.186394
1.700000	 1.150000	 -0.015388	 -0.028170	 0.202189
1.700000	 1.200000	 -0.017396	 -0.030913	 0.219610
1.700000	 1.250000	 -0.019814	 -0.033905	 0.238830
1.700000	 1.300000	 -0.022752	 -0.037161	 0.260017
1.700000	 1.350000	 -0.026356	 -0.040677	 0.283396
1.700000	 1.400000	 -0.030805	 -0.044437	 0.309086
1.700000	 1.450000	 -0.036295	 -0.048351	 0.337448
1.700000	 1.500000	 -0.042948	 -0.052311	 0.368184
1.700000	 1.550000	 -0.050610	 -0.055926	 0.402291
1.700000	 1.600000	 -0.058255	 -0.058902	 0.437272
1.700000	 1.650000	 -0.063140	 -0.059839	 0.477874
1.700000	 1.700000	 -0.058851	 -0.058627	 0.510716
1.700000	 1.750000	 -0.034607	 -0.050675	 0.562121
1.700000	 1.800000	 0.027775	 -0.040441	 0.564894
1.700000	 1.850000	 0.146256	 -0.012347	 0.661819
1.700000	 1.900000	 0.346212	 -0.000452	 0.513748
1.700000	 1.950000	 0.621508	 0.062918	 0.868894
1.700000	 2.000000	 1.000000	 0.000000	 0.000000
1.750000	 0.000000	 0.000000	 0.000000	 0.069498
1.750000	 0.050000	 -0.001395	 -0.000302	 0.069498
1.750000	 0.100000	 -0.002242	 -0.000779	 0.069037
1.750000	 0.150000	 -0.002724	 -0.001443	 0.069420
1.750000	 0.200000	 -0.002998	 -0.002171	 0.070111
1.750000	 0.250000	 -0.003171	 -0.002954	 0.071336
1.750000	 0.300000	 -0.003311	 -0.003769	 0.073018
1.750000	 0.350000	 -0.003450	 -0.004618	 0.075208
1.750000	 0.400000	 -0.003607	 -0.005504	 0.077909
1.750000	 0.450000	 -0.003790	 -0.006431	 0.081149
1.750000	 0.500000	 -0.004003	 -0.007407	 0.084954
1.750000	 0.550000	 -0.004250	 -0.008440	 0.089354
1.750000	 0.600000	 -0.004534	 -0.009537	 0.094387
1.750000	 0.650000	 -0.004860	 -0.010707	 0.100092
1.750000	 0.700000	 -0.005233	 -0.011961	 0.106519
1.750000	 0.750000	 -0.005660	 -0.013311	 0.113722
1.750000	 0.800000	 -0.006149	 -0.014768	 0.121763
1.750000	 0.850000	 -0.006709	 -0.016346	 0.130711
1.750000	 0.900000	 -0.007354	 -0.018063	 0.140649
1.750000	 0.950000	 -0.008099	 -0.019936	 0.151667
1.750000	 1.000000	 -0.008966	 -0.021987	 0.163870
1.750000	 1.050000	 -0.009981	 -0.024239	 0.177378
1.750000	 1.100000	 -0.011181	 -0.026722	 0.192328
1.750000	 1.150000	 -0.012612	 -0.029469	 0.208881
1.750000	 1.200000	 -0.014338	 -0.032517	 0.227217
1.750000	 1.250000	 -0.016444	 -0.035907	 0.247557
1.750000	 1.300000	 -0.019047	 -0.039688	 0.270133
1.750000	 1.350000	 -0.022305	 -0.043902	 0.295265
1.750000	 1.400000	 -0.026426	 -0.048593	 0.323191
1.750000	 1.450000	 -0.031664	 -0.053753	 0.354468
1.750000	 1.500000	 -0.038254	 -0.059375	 0.388984
1.750000	 1.550000	 -0.046239	 -0.065159	 0.428192
1.750000	 1.600000	 -0.054924	 -0.070923	 0.469639
1.750000	 1.650000	 -0.062062	 -0.075129	 0.519375
1.750000	 1.700000	 -0.061838	 -0.077582	 0.562316
1.750000	 1.750000	 -0.044024	 -0.072364	 0.630014
1.750000	 1.800000	 0.009966	 -0.063776	 0.642844
1.750000	 1.850000	 0.119278	 -0.031486	 0.770144
1.750000	 1.900000	 0.315197	 -0.014749	 0.605029
1.750000	 1.950000	 0.593582	 0.066989	 1.032853
1.750000	 2.000000	 1.000000	 0.000000	 0.000000
1.800000	 0.000000	 0.000000	 0.000000	 0.070709
1.800000	 0.050000	 -0.001022	 -0.000298	 0.070709
1.800000	 0.100000	 -0.001660	 -0.000770	 0.070271
1.800000	 0.150000	 -0.002027	 -0.001425	 0.070664
1.800000	 0.200000	 -0.002235	 -0.002147	 0.071374
1.800000	 0.250000	 -0.002366	 -0.002924	 0.072624
1.800000	 0.300000	 -0.002471	 -0.003734	 0.074340
1.800000	 0.350000	 -0.002575	 -0.004579	 0.076573
1.800000	 0.400000	 -0.002692	 -0.005460	 0.079330
1.800000	 0.450000	 -0.002828	 -0.006383	 0.082638
1.800000	 0.500000	 -0.002988	 -0.007356	 0.086524
1.800000	 0.550000	 -0.003173	 -0.008386	 0.091019
1.800000	 0.600000	 -0.003387	 -0.009481	 0.096162
1.800000	 0.650000	 -0.003632	 -0.010651	 0.101996
1.800000	 0.700000	 -0.003913	 -0.011908	 0.108570
1.800000	 0.750000	 -0.004235	 -0.013262	 0.115941
1.800000	 0.800000	 -0.004605	 -0.014728	 0.124175
1.800000	 0.850000	 -0.005030	 -0.016322	 0.133346
1.800000	 0.900000	 -0.005520	 -0.018061	 0.143541
1.800000	 0.950000	 -0.006089	 -0.019966	 0.154857
1.800000	 1.000000	 -0.006754	 -0.022064	 0.167407
1.800000	 1.050000	 -0.007537	 -0.024384	 0.181325
1.800000	 1.100000	 -0.008468	 -0.026962	 0.196762
1.800000	 1.150000	 -0.009587	 -0.029842	 0.213903
1.800000	 1.200000	 -0.010950	 -0.033078	 0.232959
1.800000	 1.250000	 -0.012634	 -0.036734	 0.254195
1.800000	 1.300000	 -0.014746	 -0.040892	 0.277905
1.800000	 1.350000	 -0.017441	 -0.045644	 0.304503
1.800000	 1.400000	 -0.020933	 -0.051108	 0.334355
1.800000	 1.450000	 -0.025508	 -0.057378	 0.368231
1.800000	 1.500000	 -0.031487	 -0.064600	 0.406249
1.800000	 1.550000	 -0.039112	 -0.072649	 0.450387
1.800000	 1.600000	 -0.048088	 -0.081593	 0.498382
1.800000	 1.650000	 -0.056868	 -0.089948	 0.557842
1.800000	 1.700000	 -0.060709	 -0.097661	 0.612135
1.800000	 1.750000	 -0.050618	 -0.097483	 0.699176
1.800000	 1.800000	 -0.008495	 -0.093514	 0.725095
1.800000	 1.850000	 0.085895	 -0.058718	 0.892987
1.800000	 1.900000	 0.271768	 -0.037868	 0.709451
1.800000	 1.950000	 0.550311	 0.069442	 1.241995
1.800000	 2.000000	 1.000000	 0.000000	 0.000000
1.850000	 0.000000	 0.000000	 0.000000	 0.071384
1.850000	 0.050000	 -0.000664	 -0.000275	 0.071384
1.850000	 0.100000	 -0.001101	 -0.000714	 0.070983
1.850000	 0.150000	 -0.001355	 -0.001328	 0.071372
1.850000	 0.200000	 -0.001499	 -0.002008	 0.072087
1.850000	 0.250000	 -0.001588	 -0.002741	 0.073340
1.850000	 0.300000	 -0.001658	 -0.003506	 0.075069
1.850000	 0.350000	 -0.001727	 -0.004305	 0.077322
1.850000	 0.400000	 -0.001805	 -0.005138	 0.080105
1.850000	 0.450000	 -0.001897	 -0.006011	 0.083448
1.850000	 0.500000	 -0.002004	 -0.006931	 0.087376
1.850000	 0.550000	 -0.002128	 -0.007906	 0.091922
1.850000	 0.600000	 -0.002272	 -0.008943	 0.097124
1.850000	 0.650000	 -0.002437	 -0.010053	 0.103027
1.850000	 0.700000	 -0.002627	 -0.011246	 0.109680
1.850000	 0.750000	 -0.002845	 -0.012533	 0.117142
1.850000	 0.800000	 -0.003095	 -0.013929	 0.125480
1.850000	 0.850000	 -0.003383	 -0.015449	 0.134771
1.850000	 0.900000	 -0.003716	 -0.017113	 0.145103
1.850000	 0.950000	 -0.004103	 -0.018941	 0.156579
1.850000	 1.000000	 -0.004557	 -0.020961	 0.169316
1.850000	 1.050000	 -0.005094	 -0.023205	 0.183453
1.850000	 1.100000	 -0.005735	 -0.025713	 0.199153
1.850000	 1.150000	 -0.006511	 -0.028534	 0.216611
1.850000	 1.200000	 -0.007463	 -0.031733	 0.236059
1.850000	 1.250000	 -0.008650	 -0.035388	 0.257791
1.850000	 1.300000	 -0.010160	 -0.039607	 0.282147
1.850000	 1.350000	 -0.012121	 -0.044520	 0.309616
1.850000	 1.400000	 -0.014721	 -0.050315	 0.340680
1.850000	 1.450000	 -0.018228	 -0.057190	 0.376323
1.850000	 1.500000	 -0.022992	 -0.065469	 0.416971
1.850000	 1.550000	 -0.029375	 -0.075278	 0.465267
1.850000	 1.600000	 -0.037455	 -0.087086	 0.519611
1.850000	 1.650000	 -0.046447	 -0.099772	 0.589825
1.850000	 1.700000	 -0.053102	 -0.113874	 0.659283
1.850000	 1.750000	 -0.050420	 -0.121313	 0.774446
1.850000	 1.800000	 -0.022416	 -0.126413	 0.828534
1.850000	 1.850000	 0.051381	 -0.093506	 1.067607
1.850000	 1.900000	 0.218227	 -0.072669	 0.884804
1.850000	 1.950000	 0.491036	 0.071814	 1.603090
1.850000	 2.000000	 1.000000	 0.000000	 0.000000
1.900000	 0.000000	 0.000000	 0.000000	 0.071693
1.900000	 0.050000	 -0.000338	 -0.000220	 0.071693
1.900000	 0.100000	 -0.000587	 -0.000583	 0.071370
1.900000	 0.150000	 -0.000731	 -0.001099	 0.071760
1.900000	 0.200000	 -0.000813	 -0.001674	 0.072482
1.900000	 0.250000	 -0.000861	 -0.002297	 0.073737
1.900000	 0.300000	 -0.000898	 -0.002947	 0.075472
1.900000	 0.350000	 -0.000934	 -0.003625	 0.077735
1.900000	 0.400000	 -0.000976	 -0.004333	 0.080533
1.900000	 0.450000	 -0.001025	 -0.005074	 0.083894
1.900000	 0.500000	 -0.001083	 -0.005856	 0.087845
1.900000	 0.550000	 -0.001150	 -0.006684	 0.092419
1.900000	 0.600000	 -0.001227	 -0.007565	 0.097653
1.900000	 0.650000	 -0.001317	 -0.008508	 0.103593
1.900000	 0.700000	 -0.001419	 -0.009523	 0.110289
1.900000	 0.750000	 -0.001537	 -0.010619	 0.117801
1.900000	 0.800000	 -0.001673	 -0.011808	 0.126197
1.900000	 0.850000	 -0.001829	 -0.013105	 0.135553
1.900000	 0.900000	 -0.002009	 -0.014525	 0.145962
1.900000	 0.950000	 -0.002220	 -0.016090	 0.157526
1.900000	 1.000000	 -0.002467	 -0.017822	 0.170366
1.900000	 1.050000	 -0.002759	 -0.019751	 0.184626
1.900000	 1.100000	 -0.003109	 -0.021914	 0.200473
1.900000	 1.150000	 -0.003534	 -0.024359	 0.218113
1.900000	 1.200000	 -0.004057	 -0.027145	 0.237788
1.900000	 1.250000	 -0.004715	 -0.030352	 0.259813
1.900000	 1.300000	 -0.005559	 -0.034089	 0.284561
1.900000	 1.350000	 -0.006672	 -0.038498	 0.312572
1.900000	 1.400000	 -0.008179	 -0.043790	 0.344418
1.900000	 1.450000	 -0.010275	 -0.050221	 0.381235
1.900000	 1.500000	 -0.013246	 -0.058225	 0.423700
1.900000	 1.550000	 -0.017451	 -0.068141	 0.474940
1.900000	 1.600000	 -0.023220	 -0.080821	 0.533953
1.900000	 1.650000	 -0.030474	 -0.095710	 0.612252
1.900000	 1.700000	 -0.037845	 -0.114322	 0.693495
1.900000	 1.750000	 -0.041265	 -0.128974	 0.831536
1.900000	 1.800000	 -0.029958	 -0.145546	 0.907949
1.900000	 1.850000	 0.013953	 -0.121396	 1.214669
1.900000	 1.900000	 0.140759	 -0.111643	 1.022323
1.900000	 1.950000	 0.385779	 0.070943	 1.979607
1.900000	 2.000000	 1.000000	 0.000000	 0.000000
1.950000	 0.000000	 0.000000	 0.000000	 0.071362
1.950000	 0.050000	 -0.000119	 -0.000119	 0.071362
1.950000	 0.100000	 -0.000222	 -0.000337	 0.071031
1.950000	 0.150000	 -0.000282	 -0.000666	 0.071328
1.950000	 0.200000	 -0.000315	 -0.001035	 0.071991
1.950000	 0.250000	 -0.000333	 -0.001436	 0.073194
1.950000	 0.300000	 -0.000347	 -0.001853	 0.074890
1.950000	 0.350000	 -0.000360	 -0.002287	 0.077118
1.950000	 0.400000	 -0.000376	 -0.002740	 0.079882
1.950000	 0.450000	 -0.000395	 -0.003213	 0.083207
1.950000	 0.500000	 -0.000417	 -0.003712	 0.087116
1.950000	 0.550000	 -0.000443	 -0.004241	 0.091642
1.950000	 0.600000	 -0.000472	 -0.004803	 0.096822
1.950000	 0.650000	 -0.000507	 -0.005405	 0.102700
1.950000	 0.700000	 -0.000546	 -0.006052	 0.109324
1.950000	 0.750000	 -0.000592	 -0.006752	 0.116754
1.950000	 0.800000	 -0.000644	 -0.007511	 0.125054
1.950000	 0.850000	 -0.000704	 -0.008339	 0.134301
1.950000	 0.900000	 -0.000773	 -0.009246	 0.144580
1.950000	 0.950000	 -0.000854	 -0.010246	 0.155992
1.950000	 1.000000	 -0.000949	 -0.011353	 0.168652
1.950000	 1.050000	 -0.001061	 -0.012586	 0.182696
1.950000	 1.100000	 -0.001195	 -0.013970	 0.198282
1.950000	 1.150000	 -0.001359	 -0.015535	 0.215599
1.950000	 1.200000	 -0.001560	 -0.017322	 0.234873
1.950000	 1.250000	 -0.001814	 -0.019383	 0.256389
1.950000	 1.300000	 -0.002143	 -0.021793	 0.280486
1.950000	 1.350000	 -0.002581	 -0.024652	 0.307654
1.950000	 1.400000	 -0.003187	 -0.028119	 0.338425
1.950000	 1.450000	 -0.004056	 -0.032399	 0.373884
1.950000	 1.500000	 -0.005343	 -0.037875	 0.414834
1.950000	 1.550000	 -0.007264	 -0.044929	 0.464643
1.950000	 1.600000	 -0.010097	 -0.054540	 0.523622
1.950000	 1.650000	 -0.013991	 -0.066817	 0.605355
1.950000	 1.700000	 -0.018662	 -0.084215	 0.699888
1.950000	 1.750000	 -0.022339	 -0.101835	 0.871128
1.950000	 1.800000	 -0.019614	 -0.128065	 1.016491
1.950000	 1.850000	 0.002289	 -0.123230	 1.482546
1.950000	 1.900000	 0.083609	 -0.144416	 1.452905
1.950000	 1.950000	 0.294539	 0.070925	 3.158677
1.950000	 2.000000	 1.000000	 0.000000	 0.000000
2.000000	 0.000000	 0.000000	 0.000000	 0.071362
2.000000	 0.050000	 0.000000	 0.000000	 0.071362
2.000000	 0.100000	 0.000000	 0.000000	 0.071031
2.000000	 0.150000	 0.000000	 0.000000	 0.071328
2.000000	 0.200000	 0.000000	 0.000000	 0.071991
2.000000	 0.250000	 0.000000	 0.000000	 0.073194
2.000000	 0.300000	 0.000000	 0.000000	 0.074890
2.000000	 0.350000	 0.000000	 0.000000	 0.077118
2.000000	 0.400000	 0.000000	 0.000000	 0.079882
2.000000	 0.450000	 0.000000	 0.000000	 0.083207
2.000000	 0.500000	 0.000000	 0.000000	 0.087116
2.000000	 0.550000	 0.000000	 0.000000	 0.091642
2.000000	 0.600000	 0.000000	 0.000000	 0.096822
2.000000	 0.650000	 0.000000	 0.000000	 0.102700
2.000000	 0.700000	 0.000000	 0.000000	 0.109324
2.000000	 0.750000	 0.000000	 0.000000	 0.116754
2.000000	 0.800000	 0.000000	 0.000000	 0.125054
2.000000	 0.850000	 0.000000	 0.000000	 0.134301
2.000000	 0.900000	 0.000000	 0.000000	 0.144580
2.000000	 0.950000	 0.000000	 0.000000	 0.155992
2.000000	 1.000000	 0.000000	 0.000000	 0.168652
2.000000	 1.050000	 0.000000	 0.000000	 0.182696
2.000000	 1.100000	 0.000000	 0.000000	 0.198282
2.000000	 1.150000	 0.000000	 0.000000	 0.215599
2.000000	 1.200000	 0.000000	 0.000000	 0.234873
2.000000	 1.250000	 0.000000	 0.000000	 0.256389
2.000000	 1.300000	 0.000000	 0.000000	 0.280486
2.000000	 1.350000	 0.000000	 0.000000	 0.307654
2.000000	 1.400000	 0.000000	 0.000000	 0.338425
2.000000	 1.450000	 0.000000	 0.000000	 0.373884
2.000000	 1.500000	 0.000000	 0.000000	 0.414834
2.000000	 1.550000	 0.000000	 0.000000	 0.464643
2.000000	 1.600000	 0.000000	 0.000000	 0.523622
2.000000	 1.650000	 0.000000	 0.000000	 0.605355
2.000000	 1.700000	 0.000000	 0.000000	 0.699888
2.000000	 1.750000	 0.000000	 0.000000	 0.871128
2.000000	 1.800000	 0.000000	 0.000000	 1.016491
2.000000	 1.850000	 0.000000	 0.000000	 1.482546
2.000000	 1.900000	 0.000000	 0.000000	 1.452905
2.000000	 1.950000	 0.000000	 0.000000	 3.158677
2.000000	 2.000000	 1.000000	 0.000000	 0.000000
